462 5521
0 24 122 7 371 12 187 13 349 18 180 20 332 20 423 25 297 28 267 30 192 31 138 41 303 42 100 42 328 47 310 51 387 69 240 71 139 73 172 75 355 75 201 82 208 83 257 83 298 87
1 18 385 5 207 11 396 11 113 34 453 37 314 53 180 57 407 65 96 69 70 74 352 80 141 86 117 87 52 91 133 93 29 94 297 96 212 98
2 28 357 5 318 11 239 27 198 31 76 35 288 35 155 39 55 41 210 49 104 50 274 55 380 55 163 58 234 61 265 63 241 68 286 69 185 75 91 79 164 80 103 81 231 81 39 88 284 89 334 99 173 100 207 100 228 100
3 32 182 1 162 3 274 5 4 8 430 10 86 15 219 15 27 16 140 16 161 21 279 22 310 22 240 26 311 30 112 38 200 38 239 41 452 42 347 44 356 46 454 51 251 52 461 62 194 67 304 67 396 72 105 80 406 83 130 85 227 88 275 95 137 97
4 18 239 7 3 8 264 9 134 10 222 18 45 19 390 19 131 30 309 36 259 37 329 48 423 70 355 81 371 84 168 85 67 87 238 99 50 100
5 21 413 2 446 3 341 5 190 13 110 15 104 15 33 20 168 22 376 23 315 45 346 45 103 46 433 52 358 53 65 57 387 57 47 66 152 66 71 83 249 93 20 96
6 26 260 3 206 8 271 8 403 10 169 23 93 25 316 26 90 28 29 31 371 33 61 37 198 38 150 41 228 44 246 44 131 49 65 49 407 54 92 62 154 63 50 63 409 63 191 74 112 76 456 83 442 84
7 22 199 9 144 13 52 14 103 18 383 29 273 33 215 35 222 35 102 36 423 41 40 44 28 47 184 47 171 48 167 49 21 53 352 60 67 68 169 78 143 82 356 96 162 96
8 24 310 1 117 7 421 9 330 10 395 17 85 25 338 31 70 39 195 49 244 58 279 59 359 64 382 64 298 66 321 67 189 69 20 75 435 77 357 78 278 81 390 86 48 91 281 91 425 93
9 21 138 16 39 21 115 23 158 23 283 26 305 28 122 34 75 40 80 46 203 46 411 49 206 57 200 59 69 63 10 71 84 78 430 81 215 85 114 88 354 88 208 94
10 30 73 1 67 8 257 20 120 27 168 28 91 30 56 32 339 35 193 40 363 42 341 47 33 50 360 53 142 54 132 58 151 67 9 71 313 71 450 72 316 75 300 82 406 83 452 83 262 85 182 88 115 90 335 91 65 92 134 94 195 100
11 31 333 3 95 7 298 10 243 16 204 21 212 22 299 26 120 32 147 32 435 37 440 38 197 40 72 47 339 48 376 48 206 49 288 51 348 51 231 55 224 60 304 61 318 61 414 62 368 65 393 68 55 70 237 77 242 84 252 86 397 90 269 98
12 19 144 5 132 9 328 13 261 15 91 17 284 23 361 34 392 42 364 44 448 46 341 54 113 60 250 60 59 66 420 69 460 82 143 87 175 89 66 98
13 30 135 3 352 3 417 11 266 13 25 17 91 26 346 30 260 30 331 34 203 35 196 39 393 39 355 40 439 47 294 48 53 52 277 57 291 69 453 69 276 70 237 73 115 74 22 75 379 79 217 89 365 89 194 89 440 92 195 96 336 100
14 17 275 2 154 4 323 6 77 10 98 28 83 34 110 40 145 53 310 55 159 66 361 70 228 73 128 81 365 84 82 92 211 94 305 95
15 26 313 2 315 2 110 9 77 16 391 16 332 23 99 25 384 25 240 41 378 41 57 47 225 47 336 49 31 51 174 54 400 57 227 60 200 61 58 65 371 75 179 78 370 85 208 93 401 94 278 95 211 100
16 24 193 5 151 9 184 10 421 12 129 21 195 26 128 27 397 28 155 38 113 44 298 46 229 49 87 51 67 54 351 55 98 61 378 68 403 70 196 75 88 78 142 83 247 84 260 95 19 97
17 26 110 9 19 13 129 17 350 22 159 25 428 29 93 30 170 32 450 32 397 39 98 40 399 40 153 43 346 43 193 45 78 54 320 59 400 59 444 60 401 62 371 67 392 69 76 74 85 88 288 90 63 94
18 18 327 6 430 14 234 26 152 31 24 37 275 41 43 45 136 48 28 49 387 49 385 55 246 63 45 64 355 64 134 70 345 76 365 76 416 82
19 26 17 13 254 16 343 22 151 23 149 28 246 30 68 43 184 45 212 48 337 50 352 53 225 54 433 58 146 60 283 60 29 64 252 66 203 69 407 69 269 76 124 88 197 93 58 95 16 97 401 98 141 99
20 23 110 3 392 15 56 20 63 23 49 30 354 36 269 42 54 45 249 48 102 49 71 54 241 54 348 60 287 63 236 73 8 75 414 75 154 76 155 76 453 77 92 83 436 90 5 96
21 28 182 8 394 13 275 17 152 23 95 31 143 31 404 35 223 37 278 42 234 43 101 49 7 53 165 53 27 57 157 59 448 59 268 62 277 68 71 70 429 71 347 76 33 77 319 79 440 91 343 94 434 97 363 98 210 99
22 27 278 7 343 8 121 9 251 18 458 21 219 27 264 28 293 30 454 33 303 37 394 44 352 46 117 48 418 49 195 54 172 66 13 75 194 77 391 77 226 78 366 80 78 81 228 82 87 84 146 86 320 91 311 95
23 24 230 1 144 6 352 13 375 22 383 26 416 28 292 29 408 37 46 50 449 57 238 62 105 62 255 64 303 67 281 68 131 70 100 72 34 73 99 73 357 81 432 90 308 91 295 94 253 97
24 22 223 1 370 8 344 12 364 15 176 17 109 18 202 27 302 28 105 36 18 37 346 39 125 42 459 44 96 46 48 63 120 70 303 70 386 78 293 84 373 88 129 93 54 97
25 28 117 2 132 6 77 9 402 13 408 15 13 17 231 19 410 20 195 25 352 27 141 29 120 31 448 42 106 43 49 46 187 49 452 56 428 58 170 60 40 64 156 68 354 70 379 75 147 78 361 80 391 82 54 88 166 89
26 21 147 4 200 11 388 19 342 21 376 21 294 29 89 32 119 49 141 57 428 57 160 70 210 73 433 77 56 79 461 88 330 89 327 93 130 95 366 96 455 99 41 99
27 27 318 1 210 8 76 12 74 14 3 16 99 21 92 31 171 43 388 51 253 52 73 55 21 57 119 63 241 63 276 67 118 67 131 68 345 68 195 72 38 74 367 78 183 80 392 81 228 87 67 90 31 92 94 99
28 22 133 12 42 27 409 30 188 31 304 43 278 44 148 45 7 47 18 49 232 53 254 60 290 66 359 69 216 74 95 77 173 77 279 79 284 80 48 85 193 86 35 99 371 100
29 22 121 16 53 24 6 31 102 31 409 33 190 35 282 40 370 46 266 49 289 55 262 56 360 62 19 64 404 67 442 71 75 80 269 82 235 83 194 88 175 92 1 94 284 94
30 23 340 4 413 9 191 20 180 20 147 27 161 37 84 38 229 54 232 57 153 60 443 60 243 64 322 65 419 74 353 76 448 77 165 80 251 85 52 90 290 90 190 91 252 93 347 100
31 18 366 20 262 21 42 22 391 26 84 38 393 41 40 48 458 49 121 49 15 51 115 54 327 55 416 55 79 81 126 81 284 89 27 92 310 94
32 18 134 8 446 10 39 14 97 17 66 18 189 27 182 31 241 51 174 63 282 63 339 65 81 70 251 73 298 73 204 76 90 83 443 88 148 94
33 27 41 4 250 6 394 8 262 12 348 12 5 20 160 26 138 32 192 34 79 45 125 48 440 49 10 50 362 54 360 63 437 68 74 74 208 76 153 76 21 77 271 78 64 81 349 83 418 88 122 91 181 99 226 100
34 18 351 9 381 21 313 21 402 25 234 30 373 33 124 47 442 47 99 49 336 53 427 55 377 60 67 63 23 73 341 78 423 84 292 88 308 93
35 26 355 2 169 9 300 10 250 12 144 15 104 19 403 22 113 24 364 31 330 35 325 40 189 41 263 44 136 50 92 62 183 64 198 65 42 69 262 72 117 77 231 83 423 86 228 88 107 93 186 95 28 99
36 31 173 3 333 12 407 12 452 15 182 16 236 17 172 18 358 20 199 28 385 35 86 36 56 41 296 42 427 42 111 45 325 48 415 56 433 56 211 59 94 70 313 73 309 74 305 80 376 85 437 87 445 90 138 91 169 93 170 98 287 99 186 100
37 20 98 2 215 2 261 3 283 9 356 10 298 18 164 26 119 29 190 29 392 31 333 49 45 52 388 53 319 57 140 60 143 64 51 80 182 90 255 91 212 95
38 25 145 5 178 10 77 12 378 13 67 14 394 15 438 22 432 42 287 45 377 45 292 47 39 47 269 50 328 52 235 63 308 68 160 69 50 71 369 72 92 73 27 74 290 86 260 90 189 94 236 98
39 37 398 4 63 7 422 9 309 9 32 14 403 14 9 21 338 31 61 33 342 36 367 37 207 39 211 40 326 41 456 42 251 43 218 46 38 47 236 47 72 50 371 51 401 51 188 52 71 54 159 54 386 60 184 67 381 72 266 73 457 81 181 84 141 87 2 88 221 93 142 94 353 97 390 97
40 24 260 1 183 4 408 6 298 9 380 12 180 16 290 16 431 29 48 30 241 34 436 43 7 44 31 48 407 52 52 57 140 60 74 62 25 64 417 72 446 72 85 78 316 87 81 93 360 94
41 19 33 4 62 6 406 12 73 19 367 45 219 49 215 53 308 58 116 59 431 63 159 66 285 70 351 73 330 75 388 75 143 88 394 90 262 91 26 99
42 26 281 5 195 16 442 21 31 22 28 27 98 27 211 31 384 32 175 37 70 44 62 48 280 49 47 49 226 50 147 57 290 68 35 69 457 69 419 74 406 78 272 87 399 87 389 89 145 97 321 98 126 99
43 22 105 5 336 12 272 15 394 17 182 21 84 23 157 24 445 25 438 26 55 33 422 34 18 45 398 50 133 55 226 56 176 64 124 68 295 85 403 85 120 86 205 91 183 93
44 17 372 3 132 11 330 11 107 15 130 22 136 23 57 27 115 29 210 39 72 41 90 41 445 63 388 65 243 67 338 79 410 87 325 98
45 28 238 1 266 2 459 10 405 16 4 19 145 22 119 23 244 27 71 28 410 38 441 38 117 41 37 52 327 52 200 55 369 55 391 59 269 60 18 64 81 64 334 66 101 73 68 78 247 79 274 82 87 93 163 93 188 97
46 19 86 26 235 27 195 35 155 44 252 45 156 48 50 49 23 50 294 53 138 57 442 58 447 62 431 68 84 75 374 75 379 76 159 79 115 82 315 99
47 24 165 8 371 9 100 10 282 21 265 30 107 32 364 37 325 46 276 48 42 49 109 52 290 54 361 56 322 57 210 60 189 63 295 64 5 66 126 66 84 68 288 69 417 69 136 85 237 90
48 27 242 3 436 4 348 7 295 8 302 11 126 12 231 24 236 24 196 29 40 30 254 30 402 43 63 54 299 56 431 59 163 61 24 63 204 63 107 65 338 70 300 72 395 78 28 85 222 85 8 91 253 96 342 97
49 25 388 10 393 21 210 25 381 29 20 30 408 39 258 45 259 45 373 45 25 46 321 48 435 52 257 54 178 56 168 63 432 70 451 75 405 77 101 81 324 82 368 85 142 85 336 93 365 95 299 96
50 19 230 3 280 12 208 17 76 22 346 30 46 49 216 49 399 50 305 59 6 63 340 65 409 69 297 70 38 71 295 71 219 73 402 74 151 79 4 100
51 21 213 2 327 3 397 18 256 21 215 27 170 40 127 52 72 56 285 57 236 58 311 61 345 65 129 77 372 79 37 80 74 81 108 83 177 87 218 87 376 95 393 99
52 25 106 5 204 6 316 8 110 11 431 13 7 14 374 19 139 21 349 22 79 32 258 36 210 46 40 57 434 57 84 60 127 62 238 63 291 64 302 68 375 68 424 72 298 80 445 87 30 90 1 91
53 18 325 17 309 18 83 20 29 24 168 26 69 34 415 35 424 43 78 44 13 52 460 56 330 57 361 57 77 60 156 64 282 68 165 79 456 87
54 28 195 5 393 14 404 22 200 27 273 33 338 34 86 37 56 42 294 43 100 44 20 45 348 48 336 48 105 49 55 51 239 58 401 60 97 61 178 62 317 79 25 88 455 88 169 89 292 91 92 93 281 94 63 96 24 97
55 23 189 7 442 9 62 13 441 16 60 16 390 20 112 25 43 33 409 33 2 41 54 51 273 53 397 56 380 60 360 65 411 67 237 69 11 70 107 73 299 77 151 87 212 94 370 99
56 25 388 9 422 10 340 13 238 15 20 20 177 21 10 32 71 32 36 41 54 42 233 42 173 43 426 44 175 47 219 55 231 55 155 58 322 63 279 68 184 75 399 75 62 77 26 79 227 79 321 94
57 23 280 2 441 4 174 14 87 22 74 23 326 26 44 27 160 32 311 34 421 40 15 47 202 53 439 55 285 57 349 58 210 63 62 73 273 74 420 76 93 78 131 88 173 88 364 98
58 28 277 1 196 1 111 2 171 4 90 5 200 5 368 7 372 11 76 20 418 23 192 36 363 40 197 41 345 43 195 54 362 54 411 54 288 58 228 62 400 62 15 65 378 66 222 73 243 73 105 77 297 77 74 78 19 95
59 35 436 4 117 5 287 12 390 16 344 19 290 27 249 28 244 29 255 29 210 30 84 32 443 35 203 40 335 43 111 44 372 44 63 51 281 52 342 58 232 62 258 62 169 62 12 66 305 71 300 72 190 74 311 77 302 82 156 85 107 89 332 95 73 97 315 97 284 98 306 99
60 21 187 6 421 9 164 11 55 16 131 25 293 26 210 27 190 31 430 31 148 37 195 42 461 48 458 54 207 57 269 59 142 64 395 68 124 78 81 92 442 94 281 97
61 26 257 2 316 6 241 11 217 14 128 16 256 20 102 23 441 27 379 28 39 33 153 34 6 37 445 39 182 40 296 42 155 47 249 48 144 51 318 58 80 62 98 68 237 69 269 74 265 75 458 85 145 94
62 25 304 3 41 6 151 7 423 12 55 13 65 21 247 22 361 33 451 37 296 42 42 48 338 50 336 53 185 66 390 68 136 69 57 73 358 73 171 74 207 76 56 77 182 79 85 84 295 96 403 96
63 23 184 4 39 7 436 9 213 13 98 17 279 19 20 23 198 31 264 46 59 51 48 54 194 57 449 58 277 61 271 63 287 64 139 77 311 81 256 91 17 94 130 94 54 96 145 96
64 25 168 3 303 4 384 8 139 13 160 27 179 32 375 40 428 51 336 51 167 57 304 59 265 60 400 62 129 63 228 71 433 75 353 79 33 81 423 83 191 83 239 92 349 96 321 98 74 98 107 99
65 33 308 4 193 5 138 7 213 11 298 11 142 13 118 20 62 21 88 22 435 23 404 30 81 34 296 35 450 35 6 49 358 51 85 51 195 52 95 53 457 56 5 57 217 58 367 63 127 65 354 67 74 70 306 71 290 73 410 77 10 92 440 92 136 98 98 99
66 24 139 2 231 2 294 12 184 14 141 16 32 18 287 27 362 27 72 28 277 38 447 42 433 50 311 55 280 55 155 61 441 61 124 86 205 86 93 90 344 97 12 98 147 98 320 98 261 99
67 23 10 8 133 12 38 14 368 21 359 29 456 37 294 39 207 44 443 47 304 50 16 54 326 62 34 63 276 66 7 68 270 69 420 74 173 84 4 87 215 89 27 90 127 93 252 97
68 21 188 13 407 16 134 21 250 31 19 43 452 52 431 52 99 58 454 65 429 70 45 78 184 81 217 83 439 86 273 88 456 90 336 92 79 94 388 95 371 96 261 100
69 24 272 1 73 6 267 13 453 25 170 26 145 32 53 34 292 37 220 50 340 51 265 58 209 60 9 63 383 67 282 69 301 70 421 71 409 84 367 87 91 88 71 93 242 93 245 94 376 94
70 21 412 6 220 33 154 35 8 39 393 39 42 44 381 46 195 56 121 56 328 71 439 71 1 74 270 80 357 85 159 88 361 89 266 91 248 97 97 98 134 98 168 100
71 23 378 8 352 15 102 15 45 28 104 30 56 32 354 33 386 39 132 41 91 42 216 46 186 50 39 54 20 54 455 54 21 70 150 77 214 77 5 83 364 83 265 92 69 93 129 96
72 26 233 8 188 11 217 11 305 12 77 27 337 27 66 28 75 36 207 37 44 41 11 47 39 50 51 56 90 56 215 57 324 63 193 69 284 73 377 73 356 75 144 76 253 81 329 82 140 92 133 95 257 97
73 30 10 1 69 6 385 6 133 7 329 15 406 17 41 19 335 19 257 32 83 33 100 33 398 37 450 37 219 37 251 39 438 42 112 53 75 54 27 55 374 57 171 60 272 62 401 74 98 80 407 84 215 85 216 95 315 95 59 97 248 97
74 24 432 5 435 7 27 14 122 22 57 23 184 36 425 43 273 48 145 50 338 51 119 60 82 61 40 62 86 65 65 70 33 74 430 74 178 77 58 78 51 81 320 87 157 91 134 92 64 98
75 23 353 3 372 7 172 27 455 30 413 35 72 36 186 36 327 36 9 40 87 41 111 50 73 54 323 66 411 74 409 75 29 80 125 86 150 88 276 90 417 91 444 92 153 95 127 96
76 35 204 5 354 7 27 12 421 12 58 20 50 22 445 24 312 25 403 32 2 35 405 35 265 35 335 37 338 42 211 44 316 47 264 52 309 53 198 54 229 55 223 57 353 61 76 69 76 69 202 70 228 70 17 74 382 74 127 81 448 89 290 92 252 92 400 95 413 96 112 98
77 29 25 9 185 9 397 9 14 10 147 10 337 10 227 10 441 10 222 11 38 12 428 12 112 13 15 16 265 18 140 21 72 27 166 32 402 40 171 52 53 60 78 60 307 62 106 68 452 75 90 78 196 82 199 95 340 97 165 97
78 31 190 3 252 9 305 14 186 18 223 25 321 25 120 26 272 26 106 29 402 40 133 42 158 43 53 44 294 45 150 52 171 53 17 54 342 58 77 60 312 61 348 61 188 62 419 66 199 68 455 72 268 74 115 78 22 81 325 85 409 92 196 93
79 17 180 11 374 13 142 25 383 27 52 32 149 33 439 35 33 45 360 57 96 58 216 72 415 76 31 81 147 87 272 93 385 93 68 94
80 22 436 10 384 11 184 24 176 31 161 31 239 33 305 36 444 44 9 46 102 46 389 53 119 55 61 62 379 65 222 69 174 71 292 73 241 82 339 82 99 88 435 99 271 100
81 19 102 3 325 6 231 8 135 9 418 28 331 33 65 34 404 34 98 41 455 61 412 62 45 64 391 69 32 70 419 70 197 88 60 92 40 93 112 94
82 25 351 4 101 6 283 17 205 18 265 20 319 31 430 33 87 35 189 38 461 45 454 53 129 55 74 61 139 64 206 70 224 77 110 82 284 84 260 86 261 89 165 90 14 92 449 92 123 93 199 98
83 23 105 3 141 7 413 7 355 15 53 20 222 20 362 21 257 29 387 30 73 33 14 34 139 43 299 44 343 47 189 55 407 63 422 67 368 73 229 75 405 81 415 81 131 82 391 98
84 32 184 3 89 14 412 18 43 23 177 23 131 28 272 29 451 31 59 32 344 33 30 38 31 38 153 40 181 44 358 48 355 59 381 59 52 60 183 60 356 61 135 63 47 68 263 69 46 75 9 78 332 78 146 80 429 80 326 81 258 84 137 94 422 98
85 22 163 17 209 21 8 25 364 25 97 29 114 34 356 35 334 36 65 51 119 55 150 58 263 58 281 59 320 64 138 65 371 67 338 70 207 71 40 78 62 84 17 88 448 91
86 19 299 1 345 10 328 11 265 13 3 15 46 26 102 28 36 36 54 37 221 44 445 44 119 45 203 48 313 54 417 58 279 62 74 65 235 92 441 97
87 20 306 3 458 10 200 14 57 22 125 27 115 30 82 35 75 41 389 41 380 49 16 51 438 61 151 66 156 75 22 84 218 91 45 93 215 93 292 94 243 97
88 13 366 12 402 13 440 18 446 19 65 22 395 47 456 47 314 62 167 75 16 78 192 79 347 82 320 86
89 17 429 2 134 8 84 14 374 15 153 19 360 26 26 32 99 36 278 41 426 41 405 46 250 47 264 72 167 90 376 94 365 96 316 97
90 18 58 5 97 8 393 24 356 25 6 28 406 29 294 30 210 34 44 41 191 45 72 56 442 56 113 69 114 74 77 78 32 83 253 85 119 99
91 26 314 11 135 12 291 15 12 17 198 22 13 26 10 30 97 30 218 31 164 34 161 35 204 35 71 42 137 47 408 47 297 53 217 78 2 79 363 80 374 81 461 87 69 88 304 89 352 91 310 92 405 93
92 29 404 5 297 7 350 12 210 18 93 23 120 26 164 27 212 28 27 31 151 46 361 51 112 57 192 57 307 58 6 62 35 62 332 63 379 66 351 71 38 73 205 74 347 74 197 77 270 80 20 83 378 83 315 84 54 93 257 98
93 24 97 8 448 8 456 20 449 21 235 22 92 23 6 25 277 26 111 27 369 27 210 27 17 30 424 33 150 53 343 69 280 70 376 70 333 74 57 78 272 81 66 90 219 96 281 97 117 97
94 21 248 2 257 3 132 4 120 6 191 6 438 9 237 23 388 26 276 34 243 41 347 41 238 53 130 54 240 64 351 69 36 70 222 80 131 82 104 90 246 98 27 99
95 25 11 7 377 18 145 27 21 31 455 33 456 34 317 35 303 41 380 48 104 49 65 53 315 55 270 56 306 57 381 58 298 72 28 77 371 79 372 81 349 84 324 85 238 86 166 91 408 92 311 94
96 27 356 2 137 4 219 13 263 17 222 18 289 25 269 26 371 26 312 29 159 37 436 39 191 41 404 41 225 42 265 42 145 45 24 46 457 47 203 53 330 57 79 58 429 62 386 66 1 69 264 69 185 82 208 95
97 20 279 4 90 8 93 8 277 12 32 17 98 21 197 23 377 26 85 29 91 30 295 34 302 35 144 37 269 59 54 61 412 69 136 73 341 78 424 78 70 98
98 34 121 1 37 2 300 2 351 5 231 6 455 13 63 17 97 21 389 23 42 27 14 28 291 31 246 33 141 37 17 40 81 41 230 49 268 50 228 52 372 53 222 55 119 58 16 61 61 68 201 69 138 72 319 78 73 80 118 81 450 90 287 96 158 98 65 99 325 99
99 28 168 6 282 7 439 8 274 10 27 21 156 22 456 22 15 25 445 28 133 33 89 36 187 46 238 48 34 49 144 56 68 58 279 60 23 73 239 73 236 73 271 78 142 79 245 79 370 85 80 88 346 89 347 93 162 95
100 23 210 1 256 5 334 9 138 9 47 10 350 24 73 33 0 42 54 44 222 44 202 49 381 65 354 68 23 72 394 75 367 80 458 80 279 84 173 85 212 85 452 86 262 89 438 93
101 22 427 2 119 4 82 6 362 19 227 25 220 33 111 36 368 42 284 45 375 46 21 49 45 73 221 73 200 77 387 77 49 81 297 82 363 82 115 83 333 87 151 91 180 93
102 33 143 1 81 3 432 12 71 15 171 15 292 20 61 23 175 23 86 28 132 29 29 31 390 33 373 33 7 36 153 36 447 36 397 38 274 42 435 45 80 46 20 49 400 49 406 65 286 65 382 71 351 72 309 77 166 84 178 85 149 86 310 88 264 89 107 90
103 28 295 2 420 3 167 10 222 11 7 18 211 20 242 29 112 32 352 40 432 40 416 42 370 42 443 43 5 46 151 50 372 52 368 60 165 64 323 72 230 78 2 81 156 84 306 84 117 85 256 85 152 86 247 90 122 93
104 21 187 2 388 3 223 3 231 7 5 15 377 15 403 15 35 19 305 23 193 27 71 30 334 32 419 40 95 49 2 50 272 56 395 66 401 66 383 80 94 90 363 93
105 24 83 3 43 5 248 10 431 13 240 22 230 27 135 34 24 36 231 37 401 38 344 42 424 43 294 44 349 45 54 49 278 50 23 62 58 77 3 80 171 80 460 83 343 86 371 96 141 100
106 21 52 5 322 5 235 10 173 15 356 21 421 22 424 23 188 24 456 24 78 29 25 43 408 52 180 54 155 57 77 68 122 77 258 77 299 86 137 88 302 94 414 94
107 20 312 10 178 14 44 15 123 22 272 30 47 32 378 35 48 65 340 67 55 73 359 76 420 76 445 84 276 84 193 85 59 89 102 90 35 93 64 99 434 100
108 19 365 5 368 8 394 20 395 20 376 32 194 35 404 40 431 42 354 43 179 47 288 51 359 61 192 71 281 74 130 77 51 83 334 89 373 94 111 100
109 23 436 4 178 10 354 16 24 18 341 19 410 22 413 23 129 27 457 30 326 41 186 50 448 51 47 52 408 53 411 62 351 67 162 71 218 71 357 75 422 86 362 87 127 90 138 100
110 22 152 2 20 3 399 3 15 9 17 9 52 11 367 13 5 15 375 23 300 26 279 28 14 40 425 43 247 69 427 69 249 74 384 77 386 79 82 82 370 83 391 99 149 100
111 30 144 1 189 1 58 2 126 2 322 7 362 11 198 14 349 16 199 24 93 27 101 36 222 37 283 38 201 39 59 44 36 45 214 47 129 49 75 50 353 50 228 56 431 74 405 78 318 86 294 93 155 95 290 99 108 100 115 100 436 100
112 34 318 2 387 3 317 4 340 5 77 13 257 20 55 25 103 32 331 34 229 36 3 38 158 38 413 46 320 47 254 47 202 48 378 52 73 53 360 55 92 57 358 57 396 58 179 59 150 59 230 63 211 66 307 74 6 76 367 76 454 80 289 82 204 83 81 94 76 98
113 24 369 3 234 5 418 6 366 7 289 8 438 13 384 22 35 24 1 34 16 44 186 49 313 49 12 60 363 62 90 69 318 70 263 73 225 77 408 78 140 80 177 85 456 87 324 94 143 100
114 24 150 6 357 10 408 15 431 16 415 20 405 25 180 28 439 31 85 34 433 40 354 48 454 51 303 58 413 58 172 58 369 63 198 66 216 70 313 71 326 71 90 74 278 79 9 88 343 98
115 30 140 1 139 4 282 5 306 14 302 15 389 17 9 23 196 28 44 29 87 30 412 31 192 49 265 51 31 54 151 56 229 58 391 60 252 60 13 74 373 77 78 78 46 82 101 83 137 85 10 90 291 90 241 94 370 97 406 98 111 100
116 13 359 22 202 25 267 27 441 28 408 33 392 42 41 59 312 61 190 63 432 63 384 73 351 88 262 94
117 25 25 2 59 5 215 5 8 7 368 7 401 8 359 20 433 21 244 23 334 29 229 33 170 35 45 41 22 48 250 48 254 51 378 56 194 71 35 77 201 80 282 80 103 85 1 87 93 97 148 98
118 21 282 15 200 17 271 18 65 20 378 27 299 29 328 32 436 47 448 56 419 60 227 63 187 66 27 67 314 67 140 73 454 74 288 80 98 81 442 94 139 95 203 98
119 24 101 4 259 15 153 21 45 23 37 29 291 29 383 30 367 31 461 36 270 39 86 45 26 49 80 55 85 55 98 58 74 60 27 63 172 71 181 76 195 79 399 87 444 88 147 89 90 99
120 25 126 1 413 2 167 3 94 6 147 7 350 12 427 14 78 26 92 26 10 27 327 27 25 31 11 32 259 38 225 51 269 56 143 59 299 62 459 63 451 69 24 70 370 71 356 76 282 84 43 86
121 20 98 1 428 2 397 3 22 9 272 15 29 16 279 19 192 33 158 35 165 37 162 38 323 38 419 38 31 49 333 52 70 56 362 58 251 64 213 86 269 100
122 28 227 4 0 7 264 12 74 22 137 27 178 28 239 31 9 34 270 34 424 40 377 41 444 53 168 61 288 61 241 63 342 65 123 65 343 75 106 77 403 79 314 79 149 81 447 88 33 91 103 93 245 94 392 97 199 97
123 24 225 1 197 2 317 4 107 22 386 27 242 31 311 50 457 52 437 55 259 56 205 59 122 65 447 70 397 74 307 78 320 81 155 82 265 86 440 86 129 89 415 89 82 93 364 99 213 100
124 21 338 10 423 14 263 15 438 15 226 19 149 25 360 33 34 47 396 56 427 56 449 60 43 68 60 78 142 84 66 86 19 88 221 89 183 95 385 96 365 98 399 100
125 25 395 2 197 14 284 21 306 24 87 27 180 35 283 35 24 42 231 46 246 46 33 48 441 56 291 57 210 73 416 73 202 76 288 77 408 80 307 81 196 81 270 82 216 84 75 86 428 99 188 100
126 19 120 1 111 2 225 7 275 7 429 8 48 12 136 18 342 22 234 31 200 43 417 48 452 50 434 56 47 66 337 68 167 78 31 81 240 82 42 99
127 27 361 7 318 19 357 41 229 51 306 51 51 52 146 54 366 60 52 62 65 65 342 65 153 67 203 67 411 77 394 78 76 81 232 82 131 83 236 84 147 87 109 90 67 93 320 93 75 96 282 96 301 98 142 100
128 24 344 2 454 4 382 5 190 6 217 6 223 12 61 16 133 26 16 27 443 34 365 44 268 52 329 52 394 62 420 63 132 66 273 68 225 73 232 75 221 79 14 81 175 89 238 98 286 99
129 28 444 5 237 13 17 17 412 20 16 21 358 23 109 27 214 32 430 47 157 48 111 49 82 55 292 59 262 61 64 63 167 65 150 72 459 72 233 75 51 77 246 77 178 78 196 82 272 86 295 88 123 89 24 93 71 96
130 25 222 6 226 12 208 18 294 18 132 20 285 21 44 22 276 22 252 30 395 39 385 48 94 54 460 57 380 59 423 62 449 69 228 74 172 75 108 77 355 79 269 80 3 85 344 89 63 94 26 95
131 30 385 8 383 8 305 14 408 17 407 21 216 23 60 25 84 28 4 30 6 49 386 49 376 54 341 59 164 61 223 61 339 63 172 66 27 68 23 70 323 76 443 80 418 81 83 82 94 82 127 83 182 83 220 84 430 85 57 88 281 100
132 32 94 4 335 4 25 6 12 9 44 11 288 13 130 20 152 24 420 27 328 28 102 29 135 30 407 34 71 41 247 41 347 45 458 51 352 52 274 57 204 57 10 58 440 58 128 66 377 66 139 70 337 70 332 79 231 81 264 87 360 89 355 94 173 96
133 20 364 4 235 5 73 7 301 7 67 12 28 12 152 19 146 19 184 24 200 24 402 24 128 26 99 33 78 42 191 49 388 54 43 55 430 80 1 93 72 95
134 26 416 4 380 5 233 7 32 8 89 8 354 9 4 10 293 16 191 16 303 19 68 21 444 41 442 45 244 48 367 63 289 67 394 68 18 70 236 72 206 78 298 91 74 92 10 94 430 97 70 98 265 99
135 17 13 3 403 7 81 9 91 12 245 16 227 20 132 30 145 31 105 34 359 42 323 46 368 47 171 61 84 63 377 75 206 77 460 88
136 23 434 13 126 18 44 23 285 23 413 23 238 44 18 48 35 50 208 51 302 60 423 64 62 69 353 72 97 73 154 73 47 85 320 91 158 92 217 92 333 94 339 94 326 95 65 98
137 24 396 1 96 4 147 9 380 12 381 15 315 18 122 27 145 30 313 35 316 40 285 44 91 47 293 59 389 68 251 72 357 74 301 74 397 76 115 85 196 85 198 85 106 88 84 94 3 97
138 21 298 3 65 7 100 9 217 9 9 16 161 21 311 24 418 25 191 27 33 32 0 41 46 57 85 65 216 70 169 71 98 72 256 82 36 91 400 94 164 99 109 100
139 22 66 2 115 4 396 9 64 13 192 17 267 19 442 19 52 21 392 29 366 42 83 43 82 64 351 69 132 70 0 73 63 77 416 87 199 87 377 91 401 94 118 95 422 95
140 21 115 1 341 5 180 15 3 16 77 21 167 25 406 38 416 54 457 58 37 60 40 60 222 60 304 64 338 70 461 72 118 73 371 77 156 77 113 80 418 84 72 92
141 22 83 7 336 14 426 15 66 16 374 21 25 29 98 37 294 50 26 57 337 62 354 68 424 74 211 77 198 80 323 83 1 86 242 86 39 87 335 87 186 95 19 99 105 100
142 26 406 3 65 13 279 23 79 25 378 38 327 41 369 45 271 46 443 46 214 52 10 54 60 64 365 64 169 65 405 66 366 70 213 73 99 79 225 82 16 83 254 83 124 84 49 85 427 90 39 94 127 100
143 18 102 1 303 13 330 16 324 16 386 24 275 30 21 31 307 50 447 51 316 54 120 59 37 64 243 78 7 82 12 87 41 88 168 91 113 100
144 22 111 1 166 2 12 5 23 6 407 8 328 10 303 12 7 13 35 15 424 35 327 36 97 37 171 43 167 45 61 51 197 52 248 55 99 56 72 76 209 92 457 92 408 94
145 27 289 1 461 4 38 5 234 7 45 22 306 25 95 27 206 27 137 30 135 31 69 32 428 43 96 45 459 45 74 50 14 53 200 55 448 55 328 61 242 65 308 69 194 69 352 72 61 94 63 96 42 97 440 100
146 16 395 8 279 9 133 19 225 43 450 43 127 54 19 60 344 68 327 68 385 75 84 80 22 86 460 91 217 91 265 93 304 96
147 31 156 3 26 4 120 7 137 9 77 10 335 12 397 14 211 17 344 20 30 27 279 30 11 32 275 34 325 35 430 47 229 47 369 47 42 57 233 57 241 63 200 63 266 72 25 78 157 83 79 87 127 87 119 89 207 89 222 93 66 98 376 98
148 18 392 1 412 6 399 10 425 13 327 22 60 37 304 38 28 45 439 48 160 79 297 82 446 84 380 85 350 91 411 92 32 94 117 98 414 100
149 20 232 1 439 3 283 7 166 14 370 22 124 25 19 28 457 30 79 33 155 38 322 38 379 55 418 69 295 71 122 81 216 81 102 86 243 90 314 97 110 100
150 30 114 6 278 12 205 15 337 20 422 21 336 27 6 41 287 41 276 42 367 44 297 48 349 48 324 50 270 51 418 51 291 51 300 51 78 52 93 53 85 58 112 59 369 65 410 71 129 72 71 77 307 84 75 88 432 90 441 91 215 93
151 29 395 6 62 7 16 9 255 9 19 23 400 23 232 34 179 44 92 46 384 48 103 50 115 56 177 56 191 61 234 64 333 65 87 66 10 67 455 69 158 75 302 76 342 77 289 78 453 78 50 79 300 81 55 87 421 88 101 91
152 23 110 2 428 3 193 5 242 5 438 12 417 17 133 19 277 22 21 23 132 24 18 31 351 31 236 31 243 36 279 45 226 47 5 66 394 70 294 71 460 71 419 75 103 86 224 91
153 26 261 2 439 4 194 5 89 19 201 20 119 21 221 28 61 34 102 36 84 40 353 41 17 43 362 43 272 44 180 46 172 47 426 51 30 60 298 60 309 64 127 67 33 76 170 79 237 89 415 90 75 95
154 32 14 4 259 10 235 16 388 16 267 24 399 27 451 28 201 29 401 33 416 34 70 35 237 35 434 38 234 41 290 44 274 52 374 52 164 62 440 62 6 63 319 64 230 69 203 71 422 71 136 73 303 73 20 76 260 83 286 83 437 94 442 98 255 99
155 28 414 3 399 5 248 15 174 31 202 35 238 36 16 38 149 38 2 39 254 40 216 41 394 43 46 44 61 47 106 57 56 58 66 61 180 74 20 76 396 79 123 82 272 82 426 88 316 88 243 90 275 92 111 95 350 96
156 30 253 1 147 3 373 6 334 7 292 14 339 20 99 22 446 26 338 30 322 30 247 31 340 38 46 48 458 49 205 53 183 57 214 57 389 58 368 59 53 64 25 68 285 68 410 70 87 75 302 75 140 77 103 84 59 85 320 86 407 100
157 21 227 2 376 5 375 11 443 12 187 13 362 15 225 18 426 20 260 23 43 24 305 26 177 27 332 42 129 48 263 58 21 59 329 65 347 70 147 83 74 91 406 95
158 24 311 3 196 4 454 19 9 23 262 24 359 31 199 34 121 35 112 38 434 38 78 43 254 48 191 52 252 56 248 63 151 75 342 75 183 76 402 77 158 82 158 82 136 92 292 93 98 98
159 26 432 1 17 25 208 29 201 30 434 34 261 35 96 37 451 37 262 39 425 47 203 48 455 48 184 49 342 49 39 54 403 60 41 66 14 66 391 67 254 70 375 71 412 73 362 74 46 79 70 88 190 100
160 22 284 21 236 24 33 26 203 26 64 27 57 32 394 40 294 42 285 52 326 54 414 55 342 63 262 68 38 69 26 70 148 79 250 80 255 83 243 84 433 87 234 91 389 92
161 19 286 14 398 16 461 19 3 21 138 21 291 28 80 31 91 35 298 36 30 37 353 45 243 71 428 76 203 81 314 81 357 81 233 87 370 97 178 99
162 27 3 3 412 8 265 10 251 15 211 19 179 20 370 26 332 29 121 38 246 40 350 41 276 47 223 51 244 51 176 57 411 57 109 71 336 71 214 71 239 78 297 78 442 79 447 80 392 84 338 93 99 95 7 96
163 17 349 10 85 17 271 21 209 22 398 50 428 55 2 58 48 61 367 61 412 68 182 79 303 79 240 80 257 84 179 92 45 93 374 93
164 25 201 2 284 4 60 11 279 13 167 20 388 23 37 26 92 27 91 34 209 39 382 45 291 49 168 51 131 61 154 62 406 63 286 65 287 67 427 70 429 73 2 80 297 80 359 86 386 97 138 99
165 25 47 8 417 12 212 15 215 16 400 19 375 23 186 33 121 37 166 37 363 42 209 46 368 51 21 53 310 53 103 64 329 67 304 69 53 79 30 80 454 83 362 88 326 89 82 90 77 97 200 97
166 18 144 2 261 8 149 14 275 14 367 19 77 32 457 32 165 37 408 59 227 62 171 74 268 75 233 76 102 84 25 89 95 91 410 93 217 94
167 23 120 3 103 10 164 20 401 20 140 25 233 39 274 39 378 40 144 45 7 49 304 54 223 55 269 56 64 57 176 57 389 59 129 65 396 66 360 74 88 75 126 78 89 90 382 95
168 32 64 3 313 3 99 6 370 8 181 14 5 22 436 24 53 26 10 28 419 28 200 32 389 40 191 44 264 44 325 48 164 51 229 58 232 58 122 61 49 63 283 70 201 71 235 71 438 74 228 76 397 76 342 76 306 78 4 85 143 91 319 95 70 100
169 25 35 9 205 15 274 18 395 18 6 23 412 23 350 26 233 28 332 40 311 58 59 62 356 62 142 65 430 68 138 71 246 75 7 78 272 82 197 83 259 88 54 89 36 93 425 93 397 97 446 100
170 20 276 1 290 12 268 12 363 20 69 26 248 30 17 32 117 35 51 40 208 42 328 47 181 57 25 60 301 61 434 69 153 79 253 83 230 89 36 98 289 100
171 26 58 4 192 5 102 15 245 20 290 27 264 28 401 38 208 38 144 43 27 43 183 44 7 48 387 51 77 52 78 53 73 60 306 60 135 61 429 61 271 68 280 73 62 74 166 74 322 77 105 80 186 80
172 20 174 3 226 7 273 8 366 14 36 18 75 27 393 35 153 47 197 55 114 58 460 61 291 65 22 66 131 66 119 71 0 75 130 75 194 88 432 97 413 99
173 28 422 2 36 3 295 3 312 3 370 6 304 13 106 15 201 18 399 40 396 42 56 43 311 44 433 44 246 61 259 73 427 73 322 74 403 74 28 77 67 84 100 85 428 85 301 87 57 88 228 90 429 90 132 96 2 100
174 20 326 1 172 3 57 14 276 14 401 18 204 26 218 30 155 31 414 34 295 41 417 44 244 45 292 51 15 54 187 61 32 63 80 71 235 77 288 80 356 81
175 16 199 22 102 23 269 24 354 28 243 31 306 31 42 37 420 46 56 47 391 56 336 57 388 82 128 89 12 89 29 92 407 94
176 17 454 3 283 13 24 17 314 24 187 25 235 26 80 31 167 57 162 57 43 64 354 64 317 67 243 81 419 87 277 90 195 94 300 95
177 26 208 5 187 14 56 21 84 23 352 23 157 27 461 37 196 44 300 46 427 50 220 52 389 55 151 56 195 65 259 67 312 67 441 75 276 79 366 79 226 80 223 80 392 80 113 85 51 87 179 95 429 99
178 21 388 6 340 6 293 8 374 9 38 10 109 10 107 14 122 28 383 50 211 54 49 56 54 62 438 71 432 76 74 77 129 78 274 80 102 85 277 95 161 99 312 100
179 18 306 8 245 15 162 20 454 30 64 32 327 35 151 44 108 47 406 48 333 51 292 55 112 59 389 72 210 74 15 78 365 84 163 92 177 95
180 28 79 11 259 11 140 15 40 16 0 20 30 20 410 26 114 28 340 29 294 33 125 35 153 46 234 46 226 46 275 52 106 54 401 56 1 57 198 61 222 65 201 66 155 74 350 74 411 86 187 90 307 90 101 93 438 94
181 20 280 1 168 14 313 24 202 25 270 27 343 31 277 34 443 40 208 41 371 41 84 44 170 57 358 57 230 59 451 67 119 76 39 84 364 84 310 86 33 99
182 24 3 1 21 8 36 16 43 21 268 29 32 31 414 31 326 34 318 37 328 38 61 40 260 40 390 51 411 52 352 58 384 66 356 68 62 79 163 79 131 83 10 88 37 90 420 91 437 94
183 27 259 3 40 4 322 7 305 9 223 13 397 17 455 19 289 29 309 32 411 42 171 44 354 55 232 56 156 57 221 59 84 60 35 64 249 68 353 69 222 71 158 76 27 80 204 81 346 89 243 90 43 93 124 95
184 30 381 1 84 3 63 4 297 9 16 10 66 14 300 14 219 19 352 23 80 24 133 24 370 25 390 27 193 33 74 36 19 45 7 47 222 48 159 49 39 67 264 69 216 70 437 70 356 72 56 75 335 79 68 81 369 84 312 85 416 87
185 18 187 1 438 3 378 8 77 9 191 18 221 18 190 27 235 28 407 38 386 55 426 55 309 64 62 66 2 75 326 80 96 82 417 85 419 87
186 19 231 1 365 12 78 18 301 22 427 26 320 30 314 31 165 33 75 36 242 37 243 41 113 49 109 50 71 50 346 66 171 80 35 95 141 95 36 100
187 28 185 1 104 2 429 3 218 5 378 5 60 6 157 13 0 13 177 14 176 25 403 29 461 42 99 46 25 49 396 58 174 61 118 66 337 78 430 82 249 83 442 85 348 87 180 90 267 93 280 96 385 96 370 100 321 100
188 20 236 8 72 11 68 13 447 18 334 20 106 24 445 26 28 31 303 34 449 38 314 44 39 52 194 52 78 62 454 63 231 89 251 92 45 97 210 98 125 100
189 23 111 1 206 3 190 4 55 7 298 7 331 19 263 25 273 26 32 27 452 29 82 38 35 41 397 41 202 43 349 46 83 55 47 63 8 69 303 73 368 75 237 79 38 94 300 99
190 27 78 3 189 4 128 6 352 7 5 13 414 13 223 16 346 25 185 27 37 29 60 31 348 34 29 35 198 35 310 47 243 58 395 59 116 63 419 67 59 74 217 77 222 80 382 82 30 91 359 96 159 100 336 100
191 24 94 6 414 8 134 16 185 18 263 19 209 19 30 20 138 27 96 41 168 44 90 45 133 49 412 50 158 52 151 61 208 72 233 73 6 74 440 75 64 83 280 87 288 93 370 94 298 96
192 23 171 5 139 17 214 18 198 19 248 25 450 27 0 31 121 33 33 34 388 34 58 36 115 49 254 52 205 55 435 55 299 56 92 57 108 71 88 79 231 85 411 87 387 93 404 100
193 20 452 2 65 5 16 5 152 5 104 27 421 28 184 33 10 40 17 45 399 53 306 60 401 64 72 69 226 76 285 78 205 78 107 85 28 86 258 91 424 92
194 20 445 2 153 5 243 7 397 10 249 25 108 35 222 42 188 52 413 54 63 57 255 59 401 66 3 67 145 69 117 71 22 77 441 86 29 88 172 88 13 89
195 33 54 5 216 9 42 16 360 16 424 23 25 25 16 26 384 29 457 29 46 35 335 35 455 40 60 42 196 42 208 45 8 49 65 52 22 54 58 54 70 56 447 62 177 65 197 71 27 72 119 79 317 81 392 81 227 91 282 91 318 91 176 94 13 96 10 100
196 24 58 1 372 2 158 4 335 10 300 24 115 28 48 29 418 30 395 35 13 39 295 41 195 42 177 44 255 57 426 57 16 75 447 79 125 81 77 82 129 82 137 85 209 88 344 89 78 93
197 21 331 1 123 2 251 9 295 12 125 14 97 23 246 25 455 32 11 40 58 41 144 52 266 53 172 55 316 62 195 71 92 77 334 79 169 83 81 88 19 93 273 98
198 27 385 1 206 3 111 14 354 16 402 16 192 19 91 22 249 28 212 29 456 30 2 31 63 31 190 35 6 38 308 43 430 52 76 54 203 58 399 60 180 61 35 65 114 66 326 76 141 80 137 85 286 90 459 98
199 22 7 9 175 22 111 24 335 27 36 28 407 29 287 33 158 34 265 40 327 40 386 51 270 62 78 68 139 87 457 91 203 93 288 94 77 95 122 97 82 98 217 98 305 100
200 30 58 5 26 11 425 13 87 14 118 17 426 22 133 24 353 24 54 27 239 28 314 29 168 32 327 36 3 38 126 43 385 48 455 53 45 55 145 55 213 57 9 59 15 61 147 63 266 63 367 64 232 68 410 74 101 77 258 96 165 97
201 26 164 2 242 2 453 13 173 18 209 19 153 20 235 23 449 27 154 29 159 30 417 33 111 39 329 41 317 65 180 66 222 68 98 69 168 71 405 77 117 80 0 82 458 83 425 85 303 88 270 99 336 100
202 29 361 11 338 12 365 12 400 17 313 22 398 24 116 25 181 25 24 27 211 31 415 33 155 35 189 43 379 43 420 45 112 48 100 49 424 51 296 52 57 53 226 53 364 59 274 65 295 68 210 69 76 70 125 76 235 86 411 96
203 24 262 1 160 26 13 35 448 36 59 40 437 43 9 46 346 46 159 48 86 48 293 48 221 52 96 53 198 58 313 65 127 67 19 69 154 71 254 75 161 81 199 93 356 93 250 94 118 98
204 21 76 5 232 5 427 5 52 6 385 10 11 21 444 23 306 25 174 26 212 34 91 35 417 47 274 53 132 57 48 63 324 68 323 71 32 76 255 76 183 81 112 83
205 28 253 2 343 4 357 4 435 6 424 14 150 15 169 15 217 16 82 18 229 22 300 29 341 34 315 37 278 38 279 38 156 53 399 54 192 55 123 59 272 73 92 74 193 78 406 82 347 82 66 86 212 87 43 91 367 93
206 26 189 3 198 3 397 3 6 8 207 9 398 14 420 15 145 27 389 36 403 36 244 40 316 43 410 48 11 49 458 54 9 57 82 70 394 70 135 77 267 77 280 77 134 78 409 80 413 86 250 94 272 96
207 28 410 7 206 9 1 11 409 23 456 24 232 30 326 36 72 37 39 39 67 44 215 46 242 48 437 53 60 57 385 57 419 57 285 60 246 63 339 63 360 63 425 65 231 68 85 71 62 76 351 86 147 89 311 92 2 100
208 22 177 5 50 17 130 18 159 29 171 38 181 41 170 42 413 42 195 45 136 51 387 54 423 69 191 72 33 76 0 83 452 89 218 89 308 92 15 93 440 93 9 94 96 95
209 24 201 19 191 19 85 21 354 21 163 22 258 22 411 32 164 39 165 46 285 56 69 60 381 63 295 67 221 72 310 73 317 76 328 82 196 88 277 88 144 92 284 93 457 94 375 99 331 100
210 32 100 1 27 8 92 18 425 23 49 25 60 27 93 27 285 29 59 30 267 31 424 32 90 34 44 39 354 39 238 43 343 44 52 46 2 49 47 60 57 63 419 65 443 68 202 69 336 70 26 73 125 73 179 74 300 84 457 90 188 98 21 99 223 99
211 25 369 7 260 8 147 17 162 19 103 20 453 21 316 24 42 31 202 31 39 40 76 44 278 49 178 54 36 59 289 64 112 66 224 66 338 70 141 77 419 77 339 78 430 92 14 94 370 99 15 100
212 20 165 15 11 22 92 28 198 29 249 32 204 34 278 34 259 47 19 48 288 48 432 53 224 59 384 79 100 85 205 87 409 88 55 94 37 95 1 98 323 98
213 24 51 2 65 11 63 13 428 14 264 22 374 25 285 28 260 31 415 41 308 48 409 48 222 49 256 52 200 57 274 59 283 61 436 66 142 73 376 83 121 86 275 89 310 91 317 95 123 100
214 20 424 3 353 8 415 9 438 16 192 18 418 22 434 25 432 26 456 31 129 32 409 32 296 33 111 47 142 52 425 52 156 57 162 71 71 77 428 77 341 85
215 23 37 2 117 5 165 16 378 19 51 27 270 29 7 35 340 44 207 46 424 52 41 53 72 57 451 62 308 77 369 79 398 83 73 85 9 85 397 88 67 89 87 93 150 93 440 96
216 26 195 9 218 16 281 18 131 23 356 31 155 41 71 46 220 48 50 49 320 51 449 51 345 63 414 66 138 70 184 70 114 70 341 71 79 72 233 73 28 74 149 81 262 81 125 84 263 85 73 95 326 95
217 27 435 2 128 6 138 9 72 11 61 14 384 14 231 15 205 16 397 16 430 23 259 34 221 43 253 51 379 55 315 56 65 58 404 58 190 77 91 78 68 83 298 87 13 89 351 89 146 91 136 92 166 94 199 98
218 24 187 5 216 16 346 19 280 25 377 27 372 28 174 30 91 31 233 35 39 46 287 52 307 60 299 64 109 71 358 71 399 73 437 75 443 75 51 87 208 89 87 91 413 92 416 96 455 100
219 21 425 5 268 7 96 13 402 13 3 15 184 19 22 27 251 29 73 37 41 49 56 55 373 55 409 61 50 73 231 75 230 78 372 79 446 90 93 96 444 96 289 99
220 22 417 7 309 10 253 21 220 23 220 23 396 24 406 27 70 33 101 33 229 36 236 39 393 42 216 48 69 50 177 52 420 54 441 68 131 84 303 86 388 92 290 96 292 96
221 28 446 7 319 17 185 18 323 27 153 28 257 35 235 36 234 41 217 43 86 44 441 47 203 52 247 55 183 59 422 59 224 65 400 70 209 72 101 73 349 75 364 75 128 79 342 79 411 85 374 88 124 89 39 93 456 94
222 29 130 6 103 11 77 11 4 18 96 18 333 19 83 20 7 35 111 37 381 38 194 42 100 44 184 48 213 49 98 55 140 60 268 60 180 65 301 65 201 68 80 69 183 71 58 73 296 73 94 80 190 80 386 83 48 85 147 93
223 26 24 1 104 3 454 5 342 7 128 12 183 13 190 16 424 18 78 25 21 37 321 37 346 38 270 41 260 49 162 51 167 55 76 57 312 59 131 61 443 64 177 80 225 80 319 83 245 90 210 99 427 99
224 18 452 5 332 25 275 38 364 49 447 51 274 51 251 54 212 59 11 60 327 62 221 65 211 66 82 77 229 78 152 91 373 93 283 94 279 100
225 28 123 1 126 7 289 10 157 18 407 18 337 24 363 30 386 32 274 36 255 37 282 39 96 42 146 43 15 47 427 47 450 47 120 51 19 54 128 73 341 73 113 77 460 78 223 80 418 81 142 82 423 86 319 92 366 99
226 20 287 6 172 7 130 12 421 12 124 19 321 29 237 35 180 46 152 47 42 50 267 51 202 53 43 56 384 56 315 70 193 76 22 78 177 80 343 88 33 100
227 23 400 1 157 2 122 4 456 5 376 7 77 10 135 20 101 25 387 30 317 41 440 42 409 49 339 49 411 50 15 60 166 62 264 62 118 63 56 79 299 87 3 88 195 91 241 92
228 22 292 10 327 11 274 17 256 26 375 32 320 42 6 44 409 50 98 52 111 56 58 62 76 70 64 71 14 73 130 74 168 76 22 82 27 87 35 88 173 90 357 91 2 100
229 28 314 4 280 14 369 15 205 22 373 31 361 32 117 33 284 34 112 36 220 36 372 42 147 47 16 49 404 49 127 51 30 54 334 54 76 55 115 58 168 58 295 69 242 72 458 72 269 74 83 75 224 78 381 94 328 95
230 25 23 1 50 3 337 4 234 20 345 25 433 26 105 27 447 30 461 32 393 33 423 36 391 38 98 49 181 59 112 63 446 64 154 69 329 71 398 72 219 78 103 78 321 87 170 89 242 90 340 91
231 32 186 1 66 2 98 6 104 7 81 8 422 12 241 14 217 15 25 19 338 20 48 24 403 24 379 25 276 33 105 37 432 45 125 46 11 55 56 55 444 63 285 64 207 68 284 72 219 75 345 78 132 81 2 81 35 83 192 85 188 89 332 90 237 90
232 28 149 1 447 4 204 5 278 7 456 22 306 28 207 30 386 30 340 33 151 34 457 38 430 44 272 46 294 46 309 49 28 53 183 56 30 57 168 58 59 62 404 66 450 67 200 68 128 75 391 75 345 79 127 82 259 94
233 22 296 1 134 7 72 8 323 12 402 13 253 16 453 21 299 24 169 28 218 35 167 39 324 41 56 42 147 57 191 73 216 73 274 73 326 73 129 75 166 76 161 87 335 96
234 23 113 5 145 7 432 8 251 16 230 20 445 22 18 26 343 26 34 30 126 31 154 41 221 41 386 41 21 43 180 46 2 61 151 64 346 75 443 78 354 79 160 91 385 92 318 96
235 30 133 5 282 6 106 10 154 16 93 22 201 23 388 25 176 26 312 26 46 27 185 28 221 36 265 37 283 42 297 45 281 50 408 51 260 53 252 55 290 61 38 63 300 64 404 64 168 71 174 77 381 80 29 83 202 86 401 89 86 92
236 29 188 8 297 10 257 10 382 13 309 15 305 16 36 17 254 17 48 24 160 24 267 30 152 31 346 32 255 35 220 39 39 47 51 58 341 63 134 72 20 73 99 73 381 76 127 84 284 88 285 88 290 92 356 97 38 98 344 100
237 25 129 13 348 17 404 17 94 23 260 32 154 35 226 35 326 37 320 42 448 50 381 55 335 62 330 65 61 69 55 69 241 72 13 73 11 77 189 79 252 82 453 88 153 89 47 90 231 90 378 99
238 13 45 1 56 15 155 36 210 43 136 44 99 48 94 53 23 62 52 63 334 81 95 86 128 98 4 99
239 21 330 1 435 3 298 6 4 7 2 27 200 28 353 30 122 31 80 33 3 41 414 45 271 46 448 48 328 50 54 58 408 60 458 60 99 73 162 78 457 88 64 92
240 21 273 3 448 7 450 12 105 22 390 22 3 26 15 41 457 47 402 50 280 55 94 64 382 68 286 69 0 71 163 80 126 82 426 86 343 87 425 93 294 96 287 100
241 28 329 8 61 11 231 14 277 14 338 16 361 21 342 30 265 33 40 34 448 48 247 50 32 51 20 54 429 54 147 63 27 63 122 63 324 63 2 68 237 72 358 74 450 75 369 78 80 82 227 92 115 94 433 99 322 100
242 22 201 2 48 3 456 4 152 5 244 14 400 27 103 29 123 31 346 34 186 37 433 47 207 48 145 65 385 65 229 72 253 76 423 77 340 80 11 84 141 86 230 90 69 93
243 27 385 1 255 5 194 7 11 16 313 22 175 31 152 36 94 41 186 41 402 55 190 58 418 59 30 64 44 67 161 71 394 72 58 73 395 74 143 78 176 81 160 84 396 87 149 90 155 90 183 90 415 92 87 97
244 21 271 1 308 4 242 14 434 18 117 23 269 26 45 27 254 28 59 29 206 40 410 41 174 45 134 48 162 51 328 52 8 58 364 58 320 68 383 80 266 90 354 90
245 19 179 15 135 16 171 20 361 29 253 32 304 33 454 40 418 45 306 47 246 49 294 59 452 61 99 79 305 86 223 90 327 92 69 94 122 94 333 96
246 24 315 11 197 25 19 30 297 31 98 33 162 40 6 44 248 45 125 46 437 46 245 49 173 61 385 61 207 63 18 63 436 70 378 74 408 74 169 75 129 77 390 81 294 83 323 96 94 98
247 21 398 13 437 19 62 22 156 31 132 41 298 42 416 43 381 47 241 50 221 55 371 58 448 68 110 69 45 79 343 80 263 81 337 83 439 83 16 84 103 90 434 93
248 26 94 2 369 2 350 7 105 10 155 15 294 15 419 21 345 23 192 25 362 27 279 28 170 30 411 35 318 39 390 39 246 45 368 47 144 55 445 57 376 57 158 63 454 64 309 74 73 97 70 97 303 97
249 20 321 15 446 15 320 17 272 17 194 25 327 25 198 28 59 28 212 32 417 32 20 48 61 48 297 66 183 68 110 74 187 83 325 85 305 92 5 93 429 94
250 21 33 6 35 12 439 24 410 27 277 28 68 31 454 31 304 33 401 42 89 47 117 48 12 60 322 61 328 63 257 67 160 80 426 83 329 92 206 94 203 94 255 94
251 21 197 9 278 9 264 14 162 15 234 16 22 18 361 23 219 29 326 29 420 34 73 39 444 41 39 43 3 52 224 54 121 64 137 72 32 73 30 85 450 87 188 92
252 19 78 9 346 25 339 26 130 30 411 31 335 37 427 42 46 45 235 55 158 56 115 60 19 66 282 69 237 82 11 86 377 89 76 92 30 93 67 97
253 21 156 1 205 2 233 16 367 16 392 18 295 19 220 21 427 27 457 31 245 32 344 42 294 50 217 51 27 52 242 76 72 81 170 83 90 85 48 96 23 97 432 98
254 20 19 16 236 17 244 28 48 30 155 40 368 44 112 47 158 48 420 49 117 51 192 52 28 60 349 62 159 70 203 75 302 82 142 83 257 86 258 88 264 89
255 22 243 5 349 7 151 9 257 21 413 28 59 29 301 33 236 35 225 37 341 39 196 57 194 59 345 61 23 64 404 66 204 76 310 77 160 83 405 86 37 91 250 94 154 99
256 14 100 5 318 8 426 17 424 19 61 20 51 21 228 26 265 38 213 52 274 53 138 82 103 85 262 89 63 91
257 30 61 2 94 3 236 10 360 10 264 19 10 20 112 20 255 21 434 24 83 29 73 32 433 32 221 35 368 39 385 40 295 52 49 54 268 61 250 67 455 68 307 77 278 80 0 83 163 84 254 86 394 86 309 94 72 97 92 98 427 98
258 20 437 6 263 13 308 13 209 22 52 36 391 44 49 45 455 49 411 56 59 62 460 75 106 77 84 84 258 87 258 87 254 88 193 91 372 91 200 96 355 99
259 20 183 3 348 5 154 10 180 11 119 15 303 18 217 34 437 34 4 37 120 38 49 45 212 47 369 48 460 53 123 56 177 67 173 73 315 75 169 88 232 94
260 25 40 1 6 3 211 8 408 13 356 20 157 23 13 30 213 31 237 32 182 40 395 43 223 49 376 51 273 52 235 53 456 53 344 55 324 62 308 72 154 83 82 86 38 90 286 90 350 94 16 95
261 19 153 2 37 3 166 8 377 13 12 15 272 22 159 35 315 43 444 47 285 54 399 59 447 71 440 80 359 82 362 82 439 87 82 89 66 99 68 100
262 26 203 1 374 5 384 8 33 12 31 21 158 24 278 33 451 33 301 35 159 39 400 45 431 49 364 51 29 56 129 61 333 67 160 68 35 72 304 72 216 81 386 81 10 85 100 89 256 89 41 91 116 94
263 21 258 13 124 15 96 17 191 19 387 22 189 25 317 40 322 41 35 44 353 44 341 57 85 58 157 58 269 61 84 69 345 70 295 71 113 73 340 75 247 81 216 85
264 27 4 9 307 10 122 12 251 14 355 17 257 19 213 22 292 24 171 28 22 28 168 44 63 46 315 47 294 51 76 52 290 52 287 55 227 62 424 63 334 67 96 69 184 69 89 72 132 87 102 89 254 89 417 98
265 29 302 6 162 10 300 11 86 13 77 18 82 20 434 21 47 30 241 33 76 35 235 37 307 37 256 38 199 40 96 42 115 51 295 51 396 53 69 58 64 60 2 63 430 66 61 75 123 86 71 92 146 93 282 95 134 99 435 99
266 13 45 2 13 13 364 36 292 40 29 49 197 53 445 58 200 63 326 65 147 72 39 73 244 90 70 91
267 26 357 8 69 13 139 19 409 23 154 24 302 26 116 27 341 29 0 30 236 30 210 31 312 34 437 39 344 42 332 49 226 51 458 52 274 58 300 58 206 77 331 83 392 85 384 89 436 89 187 93 301 100
268 21 219 7 170 12 405 15 291 17 345 23 182 29 404 44 346 46 98 50 128 52 287 53 325 55 222 60 433 60 257 61 21 62 367 64 78 74 166 75 311 79 274 97
269 28 385 3 442 14 349 21 296 23 175 24 96 26 244 26 294 34 20 42 38 50 287 50 120 56 167 56 60 59 97 59 45 60 263 61 397 61 438 72 459 73 61 74 229 74 19 76 130 80 29 82 272 96 11 98 121 100
270 26 428 2 347 4 271 6 421 11 390 14 278 15 303 18 181 27 215 29 122 34 119 39 223 41 325 42 150 51 95 56 316 59 360 61 199 62 317 68 67 69 443 74 70 80 92 80 125 82 332 94 201 99
271 33 244 1 270 6 6 8 424 10 118 18 363 20 163 21 292 21 295 26 443 33 422 35 411 35 288 36 341 37 392 42 349 45 142 46 239 46 335 47 427 50 320 56 400 59 274 62 63 63 324 64 171 68 439 69 99 78 33 78 358 87 396 89 331 95 80 100
272 25 69 1 43 15 121 15 249 17 459 21 261 22 78 26 420 27 84 29 107 30 378 38 153 44 232 46 104 56 73 62 205 73 368 74 93 81 169 82 155 82 129 86 42 87 79 93 269 96 206 96
273 20 240 3 172 8 280 10 189 26 7 33 54 33 294 38 415 45 74 48 411 49 260 52 342 52 55 53 128 68 57 74 447 85 68 88 381 94 424 96 197 98
274 28 405 1 3 5 99 10 228 17 169 18 420 25 225 36 167 39 102 42 392 46 353 48 224 51 312 51 154 52 421 52 204 53 256 53 2 55 132 57 267 58 286 58 213 59 271 62 202 65 233 73 178 80 45 82 268 97
275 24 14 2 126 7 344 9 166 14 21 17 453 25 295 26 143 30 147 34 395 35 224 38 18 41 180 52 443 56 317 57 383 72 288 79 289 79 417 80 367 84 301 84 213 89 155 92 3 95
276 26 170 1 174 14 130 22 231 33 94 34 416 39 150 42 316 44 282 46 389 46 439 46 162 47 47 48 453 48 321 49 410 52 67 66 27 67 13 70 177 79 297 79 107 84 401 85 392 88 75 90 285 100
277 24 58 1 97 12 241 14 152 22 93 26 250 28 181 34 66 38 308 52 13 57 291 58 63 61 423 63 21 68 457 69 404 73 330 79 391 81 209 88 176 90 444 91 367 92 178 95 328 98
278 20 22 7 232 7 388 8 251 9 150 12 270 15 398 23 262 33 212 34 205 38 89 41 21 42 28 44 211 49 105 50 114 79 257 80 8 81 367 92 15 95
279 26 97 4 146 9 164 13 63 19 121 19 3 22 142 23 301 27 110 28 248 28 147 30 205 38 355 38 152 45 306 47 8 59 99 60 390 61 86 62 56 68 400 70 440 74 353 76 28 79 100 84 224 100
280 21 181 1 329 1 57 2 316 2 428 9 273 10 50 12 229 14 218 25 340 28 377 31 384 40 303 44 42 49 66 55 240 55 93 70 171 73 206 77 191 87 187 96
281 19 42 5 216 18 401 24 282 32 329 35 235 50 59 52 85 59 23 68 407 70 389 72 418 73 108 74 306 75 8 91 54 94 93 97 60 97 131 100
282 27 115 5 235 6 99 7 378 7 118 15 47 21 348 27 281 32 318 33 440 34 225 39 29 40 276 46 406 60 342 62 32 63 53 68 69 69 252 69 394 77 117 80 120 84 452 85 195 91 265 95 127 96 379 96
283 19 149 7 37 9 176 13 82 17 9 26 125 35 396 37 111 38 235 42 324 44 458 52 19 60 213 61 441 64 385 65 168 70 299 80 453 85 224 94
284 29 164 4 381 6 330 13 446 16 125 21 160 21 411 22 12 23 229 34 431 35 302 39 375 39 397 44 101 45 285 59 402 59 231 72 72 73 448 76 319 79 28 80 371 82 82 84 236 88 2 89 31 89 209 93 29 94 59 98
285 24 298 15 130 21 136 23 213 28 389 28 210 29 288 41 137 44 160 52 261 54 209 56 301 56 51 57 57 57 284 59 207 60 231 64 156 68 41 70 193 78 236 88 330 88 360 88 276 100
286 18 447 7 161 14 373 46 274 58 452 61 164 65 102 65 444 68 2 69 240 69 326 77 307 81 154 83 358 85 418 88 198 90 260 90 128 99
287 23 290 2 226 6 59 12 301 16 348 20 66 27 199 33 150 41 415 43 38 45 376 49 269 50 218 52 268 53 264 55 461 56 20 63 63 64 164 67 378 93 98 96 36 99 240 100
288 24 312 2 405 9 381 10 435 10 132 13 2 35 271 36 285 41 368 44 212 48 11 51 108 51 58 58 122 61 47 69 125 77 275 79 118 80 174 80 396 84 406 84 17 90 191 93 199 94
289 24 145 1 295 3 320 3 306 4 395 6 113 8 225 10 96 25 364 28 183 29 391 34 293 36 29 55 211 64 313 66 134 67 406 71 362 71 151 78 275 79 112 82 219 99 436 99 170 100
290 29 287 2 323 5 170 12 429 14 40 16 447 23 438 23 171 27 59 27 412 27 349 32 154 44 324 48 264 52 47 54 235 61 313 62 28 66 42 68 65 73 430 73 427 78 38 86 30 90 76 92 236 92 422 92 220 96 111 99
291 16 91 15 268 17 161 28 119 29 98 31 164 49 150 51 388 55 125 57 277 58 52 64 172 65 13 69 309 85 115 90 455 99
292 26 310 1 438 2 374 8 228 10 156 14 319 14 306 17 102 20 271 21 328 21 264 24 23 29 69 37 266 40 38 47 174 51 179 55 129 59 302 65 80 73 457 85 34 88 54 91 158 93 87 94 220 96
293 19 438 2 339 5 369 7 178 8 134 16 334 22 449 25 60 26 22 30 359 32 289 36 203 48 137 59 456 59 327 73 24 84 452 84 444 90 318 100
294 36 66 12 248 15 130 18 294 20 294 20 26 29 90 30 458 32 180 33 269 34 449 34 414 34 273 38 67 39 160 42 54 43 105 44 78 45 232 46 13 48 141 50 253 50 322 50 264 51 46 53 245 59 411 63 152 71 331 71 396 71 415 73 246 83 111 93 240 96 404 99 445 99
295 27 103 2 173 3 289 3 315 5 48 8 197 12 253 19 275 26 271 26 380 30 97 34 174 41 196 41 265 51 257 52 392 54 47 64 209 67 202 68 229 69 50 71 149 71 263 71 43 85 129 88 23 94 62 96
296 19 233 1 424 10 300 12 422 19 269 23 438 32 214 33 65 35 36 42 61 42 62 42 449 46 405 46 202 52 325 52 352 59 381 68 222 73 431 89
297 28 92 7 184 9 236 10 314 10 429 16 317 21 383 23 0 28 246 31 424 36 413 43 235 45 150 48 91 53 423 53 393 64 249 66 50 70 58 77 162 78 433 78 276 79 164 80 101 82 148 82 458 90 406 95 1 96
298 28 138 3 239 6 390 6 189 7 40 9 11 10 65 11 317 12 336 13 285 15 364 16 37 18 392 27 161 36 247 42 16 46 153 60 8 66 396 66 95 72 32 73 359 74 52 80 0 87 217 87 134 91 445 91 191 96
299 22 86 1 400 17 233 24 11 26 118 29 309 43 83 44 375 48 48 56 192 56 324 61 120 62 218 64 55 77 307 79 283 80 425 83 379 84 106 86 227 87 49 96 363 97
300 24 98 2 35 10 265 11 342 11 296 12 184 14 453 21 196 24 110 26 205 29 366 31 177 46 150 51 267 58 351 63 235 64 48 72 59 72 151 81 10 82 210 84 312 86 176 95 189 99
301 25 133 7 287 16 454 16 393 17 186 22 279 27 255 33 262 35 414 35 328 45 285 56 445 58 170 61 222 65 364 65 69 70 137 74 431 79 275 84 303 85 173 87 424 89 127 98 427 98 267 100
302 22 265 6 48 11 115 15 459 17 267 26 24 28 97 35 284 39 342 52 397 57 136 60 376 61 292 65 52 68 341 74 156 75 151 76 59 82 254 82 106 94 423 96 309 97
303 29 64 4 144 12 143 13 270 18 259 18 134 19 365 21 419 32 188 34 347 36 22 37 95 41 0 42 280 44 426 55 114 58 396 59 23 67 24 70 154 73 189 73 410 73 366 78 163 79 301 85 220 86 201 88 327 95 248 97
304 21 62 3 173 13 348 14 250 33 245 33 456 35 148 38 28 43 67 50 167 54 330 56 64 59 11 61 140 64 327 65 3 67 165 69 262 72 328 77 91 89 146 96
305 24 183 9 356 10 72 12 78 14 131 14 236 16 104 23 368 25 372 25 157 26 9 28 80 36 375 40 414 45 50 59 59 71 36 80 323 84 245 86 411 91 249 92 14 95 363 99 199 100
306 31 87 3 289 4 179 8 115 14 292 17 326 18 125 24 145 25 204 25 232 28 175 31 431 36 245 47 279 47 127 51 95 57 171 60 193 60 451 63 395 68 65 71 281 75 168 78 377 79 380 81 386 82 103 84 412 84 448 92 460 93 59 99
307 21 396 6 264 10 375 21 313 32 265 37 449 37 143 50 92 58 218 60 77 62 317 65 363 71 112 74 257 77 123 78 299 79 125 81 286 81 150 84 439 87 180 90
308 23 394 1 65 4 244 4 258 13 360 23 403 37 198 43 213 48 277 52 359 55 429 56 41 58 443 64 38 68 145 69 322 69 260 72 215 77 349 82 23 91 392 91 208 92 34 93
309 23 39 9 220 10 236 15 53 18 183 32 390 34 4 36 425 39 299 43 232 49 76 53 413 55 153 64 185 64 456 64 348 67 367 69 36 74 248 74 102 77 291 85 257 94 302 97
310 18 292 1 8 1 3 22 320 25 190 47 0 51 165 53 14 55 402 67 209 73 255 77 181 86 315 86 102 88 213 91 91 92 424 93 31 94
311 21 158 3 315 15 138 24 3 30 57 34 370 36 173 44 123 50 66 55 169 58 51 61 59 77 268 79 367 80 63 81 460 82 392 88 207 92 95 94 22 95 455 96
312 27 371 1 392 1 426 1 288 2 173 3 107 10 454 13 429 18 76 25 235 26 380 26 367 28 96 29 267 34 328 44 274 51 223 59 78 61 116 61 177 67 414 75 331 77 184 85 329 85 300 86 409 98 178 100
313 22 15 2 168 3 380 13 34 21 345 21 202 22 243 22 181 24 381 30 307 32 342 34 137 35 113 49 399 49 86 54 290 62 203 65 289 66 10 71 114 71 36 73 375 88
314 29 229 4 348 9 297 10 443 10 91 11 378 12 444 12 176 24 386 24 200 29 186 31 188 44 343 44 333 48 403 50 1 53 335 53 417 57 407 60 399 61 88 62 339 62 460 65 118 67 122 79 161 81 149 97 411 98 368 99
315 26 15 2 295 5 246 11 311 15 137 18 205 37 375 42 261 43 5 45 452 45 264 47 376 54 95 55 217 56 226 70 350 74 259 75 416 82 92 84 380 84 310 86 73 95 379 95 397 96 59 97 46 99
316 29 280 2 61 6 52 8 319 12 380 17 370 19 360 20 446 20 211 24 6 26 325 34 137 40 206 43 276 44 76 47 143 54 331 58 270 59 197 62 344 70 10 75 316 76 316 76 393 84 356 84 40 87 155 88 457 95 89 97
317 26 418 2 112 4 123 4 401 8 298 12 297 21 417 31 422 31 95 35 374 35 336 36 263 40 227 41 275 57 382 58 328 59 201 65 307 65 176 67 270 68 458 68 209 76 54 79 195 81 326 93 213 95
318 19 27 1 112 2 256 8 2 11 127 19 282 33 445 33 182 37 248 39 431 50 386 57 61 58 11 61 350 67 113 70 111 86 195 91 234 96 293 100
319 20 316 12 292 14 221 17 441 18 402 29 82 31 429 54 37 57 410 60 422 62 154 64 387 70 448 76 98 78 21 79 284 79 442 81 223 83 225 92 168 95
320 28 343 2 289 3 354 3 344 8 249 17 310 25 186 30 228 42 237 42 112 47 216 51 271 56 17 59 85 64 244 68 353 75 403 75 426 76 123 81 88 86 156 86 74 87 136 91 22 91 127 93 329 94 66 98 458 99
321 17 249 15 388 17 78 25 226 29 223 37 49 48 395 48 276 49 8 67 451 79 403 83 230 87 56 94 407 97 64 98 42 98 187 100
322 21 106 5 183 7 111 7 424 25 406 27 156 30 443 33 149 38 451 39 263 41 294 50 47 57 250 61 56 63 30 65 308 69 350 72 173 74 171 77 335 79 241 100
323 17 290 5 14 6 233 12 357 19 221 27 121 38 381 45 135 46 75 66 204 71 103 72 131 76 141 83 305 84 378 85 246 96 212 98
324 19 336 10 143 16 358 38 372 38 233 41 283 44 352 44 290 48 150 50 299 61 260 62 72 63 241 63 271 64 204 68 49 82 95 85 398 87 113 94
325 24 81 6 53 17 316 34 350 34 147 35 331 38 380 38 35 40 270 42 366 44 47 46 36 48 168 48 397 50 296 52 381 53 268 55 420 59 78 85 249 85 333 85 457 95 44 98 98 99
326 29 174 1 383 1 306 18 57 26 339 28 251 29 182 34 207 36 237 37 435 37 380 40 39 41 109 41 356 46 349 47 160 54 67 62 266 65 114 71 233 73 198 76 286 77 185 80 84 81 384 88 165 89 317 93 136 95 216 95
327 27 51 3 18 6 228 11 148 22 249 25 120 27 432 28 448 31 179 35 200 36 75 36 144 36 199 40 142 41 45 52 31 55 336 58 224 62 304 65 459 65 146 68 293 73 362 78 344 87 245 92 26 93 303 95
328 29 144 10 86 11 12 13 392 13 410 15 292 21 359 27 132 28 118 32 425 32 182 38 312 44 301 45 0 47 170 47 239 50 38 52 244 52 344 52 317 59 145 61 250 63 70 71 304 77 361 80 209 82 229 95 369 96 277 98
329 20 280 1 241 8 73 15 383 27 281 35 201 41 4 48 128 52 416 53 386 59 439 61 157 65 165 67 230 71 72 82 312 85 434 86 250 92 320 94 406 97
330 22 239 1 8 10 44 11 284 13 143 16 35 35 388 50 304 56 353 56 96 57 53 57 409 61 237 65 350 72 374 72 433 72 41 75 377 76 277 79 285 88 26 89 422 99
331 18 197 1 189 19 459 29 404 30 81 33 13 34 112 34 325 38 316 58 411 69 294 71 312 77 430 82 267 83 271 95 357 96 353 97 209 100
332 23 411 3 386 10 409 12 0 20 336 21 15 23 224 25 356 27 162 29 407 37 169 40 157 42 438 45 267 49 395 58 420 59 92 63 84 78 132 79 449 79 231 90 270 94 59 95
333 20 11 3 36 12 222 19 410 27 377 41 314 48 37 49 179 51 121 52 398 52 151 65 262 67 93 74 357 75 442 77 403 78 325 85 101 87 136 94 245 96
334 18 365 5 156 7 100 9 188 20 293 22 117 29 104 32 85 36 417 44 436 50 229 54 45 66 264 67 197 79 238 81 345 88 108 89 2 99
335 24 132 4 196 10 147 12 73 19 339 26 199 27 455 33 390 34 195 35 76 37 252 37 444 39 434 40 59 43 271 47 314 53 237 62 429 70 322 79 184 79 141 87 10 91 415 94 233 96
336 28 324 10 43 12 298 13 141 14 332 21 150 27 444 32 317 36 394 41 399 41 346 46 54 48 15 49 64 51 34 53 62 53 175 57 327 58 210 70 455 70 162 71 420 74 411 77 68 92 49 93 13 100 190 100 201 100
337 19 230 4 77 10 414 18 150 20 225 24 426 26 72 27 422 35 19 50 412 61 141 62 126 68 132 70 359 70 421 73 382 74 187 78 247 83 460 92
338 25 124 10 202 12 241 16 231 20 450 25 156 30 8 31 39 31 54 34 377 39 76 42 62 50 74 51 461 67 48 70 85 70 140 70 211 70 44 79 384 79 347 80 447 84 356 86 162 93 410 99
339 20 293 5 385 15 356 17 156 20 335 26 252 26 326 28 403 31 10 35 11 48 227 49 314 62 207 63 131 63 32 65 360 73 211 78 441 79 80 82 136 94
340 20 30 4 112 5 178 6 56 13 365 15 280 28 180 29 232 33 370 35 156 38 215 44 69 51 50 65 107 67 382 69 436 74 263 75 242 80 230 91 77 97
341 23 5 5 140 5 109 19 267 29 205 34 271 37 255 39 10 47 423 48 12 54 393 55 263 57 131 59 346 60 236 63 350 69 216 71 225 73 302 74 34 78 97 78 455 79 214 85
342 26 223 7 300 11 432 16 26 21 126 22 241 30 313 34 39 36 454 37 343 43 378 46 159 49 302 52 273 52 59 58 78 58 282 62 160 63 122 65 127 65 158 75 168 76 151 77 221 79 48 97 379 100
343 26 320 2 205 4 358 6 348 7 22 8 362 12 19 22 234 26 399 26 181 31 425 41 441 42 342 43 210 44 314 44 83 47 93 69 122 75 247 80 355 82 105 86 240 87 226 88 406 90 21 94 114 98
344 31 128 2 413 3 389 4 440 4 320 8 275 9 24 12 59 19 147 20 383 20 84 33 267 42 105 42 253 42 328 52 432 53 414 54 260 55 391 58 448 60 357 65 146 68 316 70 387 73 327 87 130 89 196 89 401 91 437 91 66 97 236 100
345 21 86 10 313 21 248 23 268 23 230 25 374 32 444 40 352 42 58 43 384 50 255 61 216 63 51 65 27 68 263 70 348 73 18 76 231 78 232 79 442 82 334 88
346 25 368 10 412 11 218 19 428 19 190 25 252 25 13 30 50 30 236 32 242 34 223 38 24 39 406 41 17 43 401 44 5 45 203 46 268 46 336 46 341 60 186 66 234 75 99 89 183 89 447 100
347 16 270 4 303 36 94 41 392 42 3 44 132 45 157 70 92 74 21 76 338 80 88 82 205 82 374 87 99 93 391 97 30 100
348 21 259 5 343 7 48 7 314 9 33 12 395 13 304 14 237 17 287 20 282 27 384 30 190 34 54 48 11 51 20 60 78 61 309 67 370 71 345 73 187 87 409 90
349 22 255 7 398 7 163 10 111 16 0 18 269 21 52 22 290 32 376 44 271 45 105 45 189 46 326 47 150 48 57 58 254 62 221 75 308 82 33 83 95 84 387 92 64 96
350 28 248 7 92 12 120 12 17 22 100 24 169 26 325 34 452 34 357 36 366 40 162 41 431 44 392 55 420 57 318 67 341 69 322 72 330 72 418 73 315 74 180 74 425 78 409 85 148 91 260 94 155 96 449 97 381 99
351 19 82 4 98 5 34 9 152 31 413 36 409 38 408 46 16 55 300 63 109 67 94 69 139 69 92 71 102 72 41 73 207 86 116 88 217 89 452 95
352 21 13 3 190 7 23 13 71 15 177 23 184 23 25 27 436 35 103 40 345 42 324 44 22 46 132 52 19 53 182 58 296 59 7 60 145 72 1 80 435 84 91 91
353 23 75 3 214 8 200 24 239 30 366 36 153 41 263 44 161 45 274 48 111 50 330 56 76 61 445 64 183 69 136 72 320 75 458 75 30 76 279 76 64 79 435 84 39 97 331 97
354 29 320 3 76 7 134 9 109 16 198 16 209 21 440 24 175 28 71 33 386 34 20 36 210 39 108 43 114 48 183 55 370 56 176 64 65 67 100 68 141 68 375 69 25 70 460 74 234 79 392 81 410 83 9 88 445 88 244 90
355 17 35 2 83 15 264 17 408 20 429 33 279 38 13 40 430 51 84 59 18 64 0 75 130 79 4 81 343 82 132 94 411 95 258 99
356 33 96 2 426 9 37 10 305 10 453 13 439 14 339 17 260 20 106 21 377 24 90 25 460 25 332 27 434 29 216 31 85 35 326 46 3 46 435 53 84 61 169 62 445 62 182 68 398 70 184 72 72 75 120 76 174 81 316 84 338 86 203 93 7 96 236 97
357 19 205 4 2 5 267 8 114 10 423 13 323 19 350 36 127 41 445 52 344 65 137 74 333 75 109 75 8 78 23 81 161 81 70 85 228 91 331 96
358 20 343 6 36 20 129 23 370 25 324 38 451 45 84 48 65 51 5 53 112 57 181 57 413 60 218 71 62 73 378 73 241 74 286 85 422 86 271 87 409 94
359 23 408 8 117 20 116 22 328 27 67 29 158 31 293 32 391 38 135 42 434 48 392 51 397 51 308 55 108 61 8 64 28 69 337 70 298 74 107 76 261 82 164 86 403 87 190 96
360 25 257 10 195 16 316 20 363 21 308 23 89 26 124 33 455 40 10 53 112 55 79 57 270 61 29 62 33 63 207 63 55 65 393 70 339 73 167 74 382 74 372 75 285 88 132 89 40 94 415 98
361 20 127 7 202 11 241 21 251 23 245 29 229 32 62 33 12 34 393 45 439 45 92 51 47 56 371 56 53 57 14 70 372 76 25 80 328 80 70 89 449 90
362 20 111 11 343 12 157 15 101 19 83 21 248 27 66 27 153 43 33 54 58 54 121 58 398 69 289 71 159 74 327 78 394 78 261 82 109 87 165 88 455 89
363 18 440 6 460 11 170 20 271 20 360 21 394 21 225 30 58 40 165 42 10 42 113 62 307 71 91 80 101 82 104 93 299 97 21 98 305 99
364 22 133 4 24 15 298 16 85 25 369 27 289 28 35 31 266 36 47 37 12 44 224 49 262 51 244 58 202 59 301 65 221 75 370 81 71 83 181 84 57 98 367 98 123 99
365 22 108 5 334 5 186 12 202 12 340 15 303 21 392 32 435 37 128 44 419 51 460 62 142 64 390 71 391 74 18 76 409 83 14 84 179 84 13 89 49 95 89 96 124 98
366 24 113 7 430 7 88 12 172 14 31 20 390 27 300 31 353 36 419 38 350 40 439 41 139 42 377 43 325 44 127 60 422 61 142 70 303 78 177 79 22 80 428 94 26 96 433 97 225 99
367 35 377 9 417 10 110 13 253 16 392 17 166 19 457 21 371 23 312 28 119 31 39 37 150 44 41 45 368 47 380 48 163 61 65 63 134 63 200 64 268 64 309 69 444 74 384 75 112 76 455 77 27 78 100 80 311 80 275 84 435 86 69 87 278 92 277 92 205 93 364 98
368 28 117 7 58 7 108 8 346 10 369 11 378 20 67 21 445 24 305 25 257 39 101 42 254 44 288 44 135 47 367 47 248 47 165 51 156 59 103 60 461 64 11 65 83 73 272 74 189 75 458 81 400 82 49 85 314 99
369 22 248 2 113 3 293 7 211 7 368 11 411 14 229 15 93 27 364 27 388 36 142 45 147 47 259 48 45 55 114 63 150 65 38 72 241 78 215 79 446 83 184 84 328 96
370 33 173 6 24 8 168 8 437 14 316 19 449 19 149 22 358 25 184 25 162 26 340 35 311 36 429 37 103 42 29 46 354 56 426 56 431 56 380 69 348 71 120 71 377 73 364 81 110 83 15 85 99 85 191 94 115 97 161 97 405 97 211 99 55 99 187 100
371 23 312 1 47 9 0 12 443 19 367 23 96 26 6 33 181 41 39 51 361 56 247 58 17 67 85 67 15 75 140 77 95 79 284 82 436 83 4 84 456 92 105 96 68 96 28 100
372 20 196 2 391 2 44 3 75 7 58 11 414 13 457 20 305 25 218 28 324 38 229 42 59 44 103 52 98 53 360 75 361 76 219 79 51 79 95 81 258 91
373 16 156 6 424 9 450 17 436 19 229 31 34 33 102 33 49 45 286 46 219 55 432 55 378 60 115 77 24 88 224 93 108 94
374 19 262 5 292 8 178 9 79 13 89 15 52 19 141 21 213 25 345 32 317 35 154 52 73 57 330 72 46 75 91 81 347 87 221 88 163 93 395 100
375 21 157 11 307 21 23 22 110 23 165 23 228 32 284 39 64 40 305 40 315 42 101 46 389 47 299 48 388 50 447 60 52 68 354 69 159 71 396 86 313 88 209 99
376 24 157 5 227 7 26 21 410 21 5 23 419 25 108 32 349 44 11 48 287 49 434 49 260 51 315 54 131 54 248 57 302 61 93 70 213 83 36 85 403 92 89 94 69 94 51 95 147 98
377 25 367 9 261 13 104 15 95 18 356 24 97 26 218 27 280 31 386 37 431 38 338 39 122 41 333 41 366 43 38 45 34 60 132 66 72 73 370 73 439 74 135 75 330 76 306 79 252 89 139 91
378 30 447 2 187 5 282 7 71 8 185 8 314 12 38 13 215 19 368 20 118 27 410 28 107 35 142 38 272 38 167 40 15 41 342 46 112 52 117 56 373 60 58 66 16 68 358 73 246 74 456 74 92 83 386 84 323 85 287 93 237 99
379 19 400 19 231 25 61 28 202 43 149 55 217 55 419 58 427 63 80 65 92 66 25 75 46 76 13 79 299 84 393 92 396 94 315 95 282 96 342 100
380 22 134 5 40 12 137 12 313 13 421 15 437 16 316 17 312 26 295 30 325 38 326 40 367 48 95 48 87 49 2 55 130 59 55 60 370 69 306 81 315 84 148 85 418 91
381 26 184 1 284 6 288 10 137 15 407 16 34 21 49 29 313 30 222 38 323 45 70 46 247 47 325 53 237 55 95 58 84 59 209 63 100 65 296 68 39 72 236 76 235 80 453 85 229 94 273 94 350 99
382 16 443 1 128 5 236 13 420 21 164 45 317 58 8 64 240 68 340 69 102 71 76 74 337 74 360 74 190 82 383 87 167 95
383 24 326 1 131 8 344 20 297 23 23 26 79 27 329 27 459 28 7 29 119 30 401 36 178 50 460 65 69 67 275 72 441 72 244 80 104 80 382 87 442 88 383 90 383 90 440 91 403 98
384 27 64 8 262 8 80 11 217 14 401 16 113 22 15 25 195 29 348 30 42 32 280 40 405 47 151 48 345 50 226 56 445 57 182 66 387 69 116 73 367 75 110 77 212 79 338 79 326 88 403 88 267 89 393 98
385 26 198 1 243 1 269 3 1 5 73 6 131 8 204 10 447 13 339 15 427 25 36 35 257 40 424 47 200 48 130 48 18 55 207 57 246 61 242 65 283 65 432 71 146 75 234 92 79 93 124 96 187 96
386 31 450 1 459 2 332 10 452 18 143 24 314 24 123 27 232 30 225 32 354 34 377 37 71 39 234 41 427 46 131 49 199 51 185 55 318 57 329 59 39 60 96 66 446 67 24 78 110 79 262 81 306 82 409 82 222 83 378 84 395 87 164 97
387 20 112 3 406 18 263 22 83 30 227 30 444 45 459 48 18 49 403 50 171 51 208 54 5 57 0 69 384 69 319 70 460 70 344 73 101 77 349 92 192 93
388 29 104 3 178 6 278 8 56 9 49 10 154 16 321 17 26 19 164 23 235 25 94 26 408 28 192 34 369 36 414 37 415 49 330 50 375 50 27 51 37 53 133 54 291 55 44 65 440 67 41 75 404 79 175 82 220 92 68 95
389 20 344 4 115 17 98 23 285 28 206 36 168 40 440 40 87 41 276 46 375 47 80 53 177 55 156 58 167 59 137 68 179 72 281 72 392 76 42 89 160 92
390 25 298 6 409 7 270 14 400 14 59 16 398 16 4 19 55 20 240 22 184 27 366 27 102 33 309 34 335 34 248 39 182 51 439 51 457 57 279 61 62 68 365 71 427 79 246 81 8 86 39 97
391 23 372 2 15 16 31 26 289 34 230 38 359 38 392 40 417 41 258 44 175 56 344 58 45 59 115 60 159 67 81 69 365 74 232 75 22 77 277 81 25 82 347 97 83 98 110 99
392 37 148 1 312 1 438 2 328 13 20 15 367 17 253 18 298 27 139 29 37 31 365 32 391 40 116 42 271 42 347 42 12 42 399 44 274 46 359 51 400 51 295 54 350 55 413 67 429 67 17 69 389 76 177 80 27 81 195 81 354 81 162 84 267 85 276 88 311 88 308 91 122 97 453 100
393 23 54 14 301 17 49 21 90 24 446 31 230 33 442 34 172 35 13 39 70 39 31 41 220 42 361 45 341 55 297 64 423 64 11 68 360 70 316 84 412 87 379 92 384 98 51 99
394 25 308 1 33 8 21 13 38 15 421 15 43 17 108 20 363 21 444 36 160 40 336 41 155 43 22 44 128 62 134 68 152 70 206 70 243 72 100 75 282 77 127 78 362 78 423 83 257 86 41 90
395 25 125 2 151 6 289 6 146 8 348 13 8 17 169 18 108 20 196 35 275 35 130 39 260 43 418 45 88 47 321 48 332 58 190 59 104 66 306 68 60 68 243 74 48 78 386 87 374 100 417 100
396 26 137 1 307 6 139 9 1 11 220 24 418 26 283 37 173 42 265 53 124 56 112 58 187 58 303 59 167 66 298 66 294 71 3 72 427 72 155 79 288 84 375 86 243 87 271 89 455 90 379 94 408 96
397 28 121 3 206 3 77 9 194 10 422 13 147 14 217 16 183 17 51 18 16 28 102 38 17 39 189 41 423 42 284 44 325 50 359 51 55 56 302 57 269 61 123 74 168 76 137 76 399 83 215 88 11 90 315 96 169 97
398 19 442 3 39 4 349 7 247 13 206 14 161 16 390 16 278 23 202 24 73 37 414 38 43 50 163 50 333 52 362 69 356 70 230 72 215 83 324 87
399 23 110 3 155 5 148 10 343 26 154 27 412 37 173 40 17 40 336 41 392 44 313 49 50 50 193 53 205 54 261 59 198 60 314 61 218 73 56 75 397 83 42 87 119 87 124 100
400 23 227 1 433 4 390 14 202 17 299 17 379 19 165 19 151 23 242 27 262 45 102 49 392 51 15 57 271 59 17 59 58 62 64 62 221 70 279 70 368 82 402 89 138 94 76 95
401 30 430 6 443 6 117 8 317 8 384 16 174 18 439 18 167 20 281 24 154 33 383 36 171 38 105 38 250 42 346 44 39 51 180 56 54 60 17 62 193 64 194 66 104 66 73 74 276 85 235 89 344 91 414 92 139 94 15 94 19 98
402 19 88 13 219 13 25 13 233 13 455 15 198 16 133 24 34 25 319 29 78 40 77 40 48 43 240 50 243 55 284 59 310 67 50 74 158 77 400 89
403 30 428 2 442 6 135 7 6 10 39 14 104 15 35 22 231 24 187 29 339 31 76 32 206 36 308 37 314 50 387 50 159 60 16 70 425 72 173 74 320 75 333 78 122 79 321 83 43 85 359 87 384 88 376 92 434 95 62 96 383 98
404 23 435 1 92 5 237 17 54 22 452 26 65 30 331 30 81 34 21 35 108 40 96 41 268 44 229 49 217 58 235 64 232 66 255 66 29 67 277 73 450 76 388 79 294 99 192 100
405 19 274 1 288 9 268 15 45 16 114 25 416 31 76 35 89 46 296 46 384 47 142 66 436 69 201 77 49 77 111 78 83 81 255 86 91 93 370 97
406 29 142 3 41 12 73 17 387 18 322 27 220 27 90 29 140 38 346 41 455 41 179 48 421 58 282 60 164 63 102 65 440 70 289 71 42 78 205 82 10 83 3 83 288 84 417 88 343 90 437 90 157 95 297 95 329 97 115 98
407 23 144 8 36 12 68 16 381 16 225 18 131 21 199 29 132 34 332 37 185 38 40 52 6 54 314 60 452 62 83 63 1 65 19 69 281 70 73 84 410 85 175 94 321 97 156 100
408 27 40 6 435 6 359 8 260 13 25 15 114 15 131 17 355 20 388 28 116 33 23 37 49 39 351 46 91 47 235 51 106 52 109 53 166 59 239 60 429 70 246 74 113 78 125 80 95 92 144 94 396 96 416 100
409 30 390 7 332 12 207 23 267 23 28 30 214 32 29 33 55 33 351 38 213 48 227 49 228 50 219 61 330 61 6 63 50 69 75 75 206 80 425 81 449 81 386 82 365 83 69 84 350 85 448 87 212 88 348 90 78 92 358 94 312 98
410 30 207 7 328 15 460 15 458 16 25 20 376 21 109 22 180 26 250 27 333 27 378 28 428 32 45 38 244 41 434 42 424 42 206 48 276 52 319 60 156 70 150 71 303 73 200 74 65 77 354 83 407 85 44 87 166 93 441 96 338 99
411 34 332 3 369 14 284 22 252 31 209 32 248 35 271 35 443 41 183 42 9 49 273 49 227 50 182 52 58 54 258 56 162 57 458 58 109 62 294 63 435 65 55 67 331 69 75 74 127 77 336 77 221 85 180 86 192 87 461 89 305 91 148 92 355 95 202 96 314 98
412 20 70 6 148 6 162 8 346 11 84 18 129 20 169 23 290 27 115 31 399 37 191 50 337 61 81 62 163 68 97 69 417 70 159 73 306 84 431 86 393 87
413 26 5 2 120 2 344 3 83 7 30 9 109 23 136 23 255 28 441 31 75 35 351 36 208 42 427 42 297 43 112 46 420 50 194 54 309 55 114 58 358 60 392 67 444 79 206 86 218 92 76 96 172 99
414 25 155 3 191 8 190 13 372 13 337 18 182 31 174 34 294 34 301 35 388 37 398 38 444 42 239 45 305 45 344 54 160 55 459 56 11 62 216 66 312 75 20 75 454 76 401 92 106 94 148 100
415 19 214 9 114 20 202 33 53 35 213 41 287 43 273 45 388 49 36 56 431 59 294 73 79 76 83 81 123 89 153 90 243 92 335 94 360 98 437 98
416 19 134 4 23 28 405 31 154 34 437 36 276 39 103 42 247 43 329 53 140 54 31 55 460 63 125 73 18 82 315 82 139 87 184 87 218 96 408 100
417 26 220 7 367 10 13 11 165 12 152 17 456 20 317 31 249 32 201 33 438 39 391 41 174 44 334 44 204 47 126 48 314 57 86 58 47 69 412 70 40 72 275 80 185 85 406 88 75 91 264 98 395 100
418 25 317 2 113 6 214 22 58 23 138 25 396 26 81 28 196 30 395 45 245 45 22 49 150 51 243 59 149 69 444 71 350 73 281 73 225 81 131 81 140 84 448 84 33 88 286 88 380 91 427 100
419 26 447 3 420 15 248 21 376 25 168 28 303 32 121 38 366 38 104 40 460 42 365 51 207 57 379 58 453 58 118 60 210 65 78 66 190 67 81 70 439 73 30 74 42 74 152 75 211 77 185 87 176 87
420 28 103 3 419 15 206 15 435 20 382 21 446 24 274 25 272 27 132 27 425 31 251 34 202 45 175 46 254 49 413 50 220 54 350 57 332 59 325 59 128 63 12 69 443 73 336 74 67 74 57 76 107 76 182 91 457 97
421 18 8 9 60 9 270 11 16 12 76 12 226 12 380 15 394 15 106 22 193 28 57 40 274 52 432 52 406 58 69 71 337 73 151 88 422 94
422 24 173 2 39 9 56 10 231 12 397 13 296 19 150 21 432 21 317 31 43 34 271 35 337 35 221 59 366 61 319 62 83 67 154 71 109 86 358 86 290 92 421 94 139 95 84 98 330 99
423 24 62 12 357 13 124 14 0 25 230 36 7 41 397 42 341 48 435 50 297 53 130 62 277 63 393 64 136 64 208 69 456 69 4 70 242 77 64 83 394 83 34 84 35 86 225 86 302 96
424 29 214 3 373 9 271 10 296 10 205 14 223 18 256 19 106 23 195 23 322 25 210 32 93 33 144 35 297 36 122 40 410 42 53 43 105 43 385 47 202 51 215 52 264 63 52 72 141 74 97 78 301 89 193 92 310 93 273 96
425 22 219 5 148 13 200 13 210 23 420 31 328 32 309 39 343 41 74 43 110 43 159 47 214 52 207 65 403 72 350 78 409 81 299 83 201 85 8 93 169 93 240 93 430 100
426 21 312 1 439 2 356 9 141 15 256 17 157 20 200 22 337 26 89 41 432 41 56 44 153 51 303 55 185 55 370 56 196 57 427 74 320 76 250 83 240 86 155 88
427 31 101 2 204 5 120 14 385 25 186 26 253 27 413 42 36 42 252 42 386 46 225 47 441 49 177 50 271 50 34 55 124 56 379 63 110 69 164 70 396 72 173 73 426 74 290 78 390 79 142 90 427 94 427 94 257 98 301 98 223 99 418 100
428 21 270 2 121 2 403 2 152 3 280 9 77 12 213 14 346 19 17 29 410 32 145 43 64 51 163 55 26 57 25 58 451 69 161 76 214 77 173 85 366 94 125 99
429 26 89 2 187 3 451 7 126 8 430 12 290 14 297 16 312 18 355 33 370 37 241 54 319 54 308 56 171 61 96 62 392 67 408 70 68 70 335 70 21 71 164 73 450 77 84 80 173 90 249 94 177 99
430 28 401 6 366 7 3 10 429 12 18 14 217 23 433 29 60 31 82 33 232 44 147 47 129 47 355 51 198 52 265 66 169 68 290 73 432 73 74 74 133 80 9 81 331 82 187 82 131 85 211 92 134 97 425 100 439 100
431 21 105 13 52 13 114 16 40 29 284 35 306 36 377 38 108 42 350 44 262 49 318 50 68 52 370 56 48 59 415 59 41 63 46 68 111 74 301 79 412 86 296 89
432 26 159 1 74 5 234 8 102 12 342 16 422 21 214 26 327 28 445 31 103 40 426 41 38 42 231 45 421 52 212 53 344 53 373 55 116 63 49 70 385 71 430 73 178 76 23 90 150 90 172 97 253 98
433 21 400 4 117 21 230 26 430 29 257 32 114 40 455 41 173 44 242 47 66 50 5 52 36 56 19 58 268 60 330 72 64 75 26 77 297 78 160 87 366 97 241 99
434 22 136 13 244 18 265 21 257 24 214 25 356 29 159 34 154 38 158 38 335 40 410 42 359 48 454 48 376 49 126 56 52 57 170 69 329 86 247 93 403 95 21 97 107 100
435 28 404 1 217 2 239 3 205 6 408 6 74 7 288 10 420 20 65 23 326 37 365 37 11 37 440 39 102 45 423 50 49 52 356 53 445 53 192 55 411 65 451 65 441 66 8 77 352 84 353 84 367 86 80 99 265 99
436 22 109 4 48 4 59 4 63 9 80 10 373 19 446 21 168 24 352 35 96 39 40 43 118 47 334 50 213 66 405 69 246 70 340 74 371 83 267 89 20 90 289 99 111 100
437 21 258 6 370 14 380 16 247 19 452 26 259 34 416 36 267 39 203 43 246 46 207 53 123 55 33 68 184 70 218 75 36 87 406 90 344 91 154 94 182 94 415 98
438 25 293 2 392 2 292 2 185 3 94 9 152 12 113 13 124 15 214 16 38 22 290 23 43 26 296 32 417 39 450 39 73 42 332 45 445 58 87 61 446 68 178 71 269 72 168 74 100 93 180 94
439 27 426 2 149 3 153 4 99 8 356 14 401 18 448 19 250 24 114 31 79 35 366 41 361 45 276 46 13 47 148 48 390 51 57 55 329 61 271 69 70 71 419 73 377 74 247 83 68 86 261 87 307 87 430 100
440 27 344 4 363 6 88 18 354 24 282 34 11 38 435 39 389 40 227 42 33 49 132 58 154 62 388 67 406 70 450 71 279 74 191 75 261 80 123 86 449 90 21 91 383 91 13 92 65 92 208 93 215 96 145 100
441 26 57 4 77 10 55 16 319 18 61 27 116 28 413 31 451 31 45 38 455 40 343 42 221 47 427 49 125 56 66 61 283 64 447 65 435 66 220 68 383 72 177 75 339 79 194 86 150 91 410 96 86 97
442 24 398 3 461 3 403 6 55 9 269 14 139 19 42 21 393 34 134 45 34 47 90 56 46 58 29 71 333 77 162 79 319 81 345 82 6 84 187 85 383 88 443 88 60 94 118 94 154 98
443 26 382 1 401 6 314 10 157 12 371 19 322 33 271 33 128 34 59 35 181 40 411 41 103 43 142 46 67 47 275 56 30 60 223 64 308 64 210 68 420 73 270 74 218 75 234 78 131 80 32 88 442 88
444 25 129 5 314 12 204 23 336 32 394 36 335 39 345 40 134 41 251 41 414 42 80 44 387 45 261 47 122 53 17 60 231 63 286 68 418 71 367 74 413 79 119 88 293 90 277 91 75 92 219 96
445 30 456 1 194 2 234 22 76 24 368 24 43 25 188 26 99 28 432 31 318 33 61 39 86 44 461 45 459 48 357 52 435 53 248 57 384 57 266 58 301 58 438 58 356 62 44 63 353 64 107 84 52 87 354 88 36 90 298 91 294 99
446 19 5 3 221 7 32 10 249 15 284 16 88 19 316 20 436 21 420 24 156 26 393 31 230 64 386 67 438 68 40 72 369 83 148 84 219 90 169 100
447 27 378 2 419 3 232 4 286 7 385 13 188 18 290 23 230 30 102 36 66 42 224 51 143 51 375 60 46 62 195 62 441 65 123 70 261 71 456 73 196 79 162 80 338 84 273 85 447 86 447 86 122 88 346 100
448 25 240 7 93 8 453 8 439 19 327 31 203 36 25 42 12 46 239 48 241 48 237 50 109 51 145 55 118 56 21 59 344 60 247 68 284 76 319 76 30 77 418 84 409 87 76 89 85 91 306 92
449 19 370 19 93 21 293 25 201 27 294 34 307 37 188 38 296 46 216 51 23 57 63 58 124 60 130 69 332 79 409 81 361 90 440 90 82 92 350 97
450 21 386 1 240 12 373 17 338 25 456 25 192 27 17 32 65 35 457 36 73 37 438 39 146 43 225 47 232 67 440 71 10 72 241 75 404 76 429 77 251 87 98 90
451 18 429 7 154 28 84 31 441 31 262 33 62 37 159 37 322 39 358 45 215 62 306 63 435 65 181 67 428 69 120 69 457 74 49 75 321 79
452 23 193 2 224 5 36 15 386 18 404 26 437 26 189 29 350 34 3 42 315 45 126 50 68 52 25 56 286 61 245 61 407 62 77 75 10 83 293 84 282 85 100 86 208 89 351 95
453 18 448 8 356 13 201 13 211 21 233 21 300 21 69 25 275 25 1 37 276 48 419 58 13 69 20 77 151 78 283 85 381 85 237 88 392 100
454 22 176 3 128 4 223 5 312 13 301 16 158 19 179 30 250 31 22 33 342 37 245 40 434 48 3 51 114 51 82 53 188 63 248 64 68 65 118 74 414 76 112 80 165 83
455 30 98 13 402 15 183 19 75 30 197 32 95 33 335 33 195 40 360 40 441 40 433 41 406 41 159 48 258 49 200 53 71 54 81 61 257 68 151 69 336 70 78 72 367 77 341 79 54 88 362 89 396 90 311 96 26 99 291 99 218 100
456 30 445 1 242 4 227 5 93 20 417 20 99 22 232 22 207 24 106 24 450 25 198 30 214 31 95 34 304 35 67 37 39 42 88 47 260 53 293 59 309 64 423 69 447 73 378 74 6 83 113 87 53 87 68 90 457 90 371 92 221 94
457 29 372 20 367 21 195 29 149 30 109 30 253 31 166 32 450 36 232 38 96 47 240 47 123 52 65 56 390 57 140 58 277 69 42 69 451 74 39 81 292 85 239 88 210 90 456 90 199 91 144 92 209 94 316 95 325 95 420 97
458 23 87 10 410 16 22 21 294 32 31 49 156 49 132 51 267 52 283 52 60 54 206 54 411 58 239 60 317 68 229 72 353 75 100 80 368 81 201 83 61 85 297 90 460 91 320 99
459 16 386 2 45 10 302 17 272 21 383 28 331 29 24 44 145 45 387 48 445 48 414 56 120 63 327 65 129 72 269 73 198 98
460 25 363 11 410 15 356 25 419 42 259 53 53 56 130 57 172 61 365 62 416 63 314 65 383 65 387 70 152 71 354 74 258 75 225 78 12 82 311 82 105 83 135 88 146 91 458 91 337 92 306 93
461 18 442 3 145 4 161 19 230 32 119 36 177 37 187 42 82 45 445 45 60 48 287 56 3 62 368 64 338 67 140 72 91 87 26 88 411 89
